./data/slice/\0-access1.dat
0.0247296
0.0218155
0.020871
0.0204768
0.0202569
0.0203369
0.0203052
0.0201349
0.0200724
0.0200852
./data/slice/\0-access2.dat
0.0319704
0.0296765
0.0283255
0.0278802
0.0276125
0.0275033
0.027447
0.0273351
0.027302
0.0273103
./data/slice/\0-access3.dat
0.0298452
0.0267556
0.026088
0.0253958
0.0251814
0.0252143
0.0250045
0.0249525
0.0249522
0.0249522
./data/slice/\0-access4.dat
0.0178139
0.0147293
0.0132671
0.0129008
0.0125497
0.0122652
0.0123693
0.0124047
0.0122244
0.0122412
./data/slice/\0-access5.dat
0.0214258
0.0187434
0.0173707
0.0169611
0.0166098
0.0165914
0.0165438
0.0165561
0.0164853
0.0164426
./data/slice/\0-access6.dat
0.0289192
0.0262548
0.0255229
0.0250345
0.0247141
0.0246678
0.0246731
0.0246307
0.024546
0.0245902
./data/slice/\0-access7.dat
0.0215707
0.0182976
0.0171227
0.0168676
0.016676
0.0165912
0.0164279
0.0163855
0.0164873
0.0163496
./data/slice/\0-access8.dat
0.0310413
0.0276036
0.0271197
0.0262136
0.0261392
0.0259694
0.0258773
0.0259307
0.0258844
0.0259328
./data/slice/\0-core1.dat
0.0176113
0.0143046
0.0131986
0.0128957
0.0127105
0.0122815
0.0121273
0.0122084
0.0120919
0.0121661
./data/slice/\0-core2.dat
0.0372131
0.0350738
0.0341066
0.0337958
0.0334395
0.0334451
0.0334316
0.0333617
0.0333167
0.0333675
./data/slice/\0-core3.dat
0.0261138
0.0246315
0.0228129
0.0223858
0.0222619
0.02214
0.022174
0.0221776
0.0221075
0.022116
./data/slice/\0-core4.dat
0.0180991
0.0154
0.0141646
0.0140694
0.0136407
0.0134839
0.0136254
0.0134261
0.0133827
0.0133862
./data/slice/\0-merge1.dat
0.0323199
0.0299679
0.0285987
0.0282984
0.0279104
0.0278486
0.0277411
0.027812
0.0276694
0.0276616
./data/slice/\0-merge2.dat
0.0251705
0.0220784
0.020801
0.0202426
0.0200098
0.0200726
0.0198991
0.0198134
0.0198219
0.0198143
./data/slice/\0-merge3.dat
0.0217238
0.0184563
0.0171027
0.0167094
0.0163922
0.0159913
0.0160347
0.016044
0.0159425
0.0159788
./data/slice/\0-merge4.dat
0.0197846
0.0181548
0.0165943
0.0160108
0.0158236
0.0158892
0.0157405
0.0157964
0.0156596
0.0156368
./data/slice/\0-merge5.dat
0.0262114
0.023259
0.0224067
0.0219578
0.0217746
0.021697
0.0217798
0.0216644
0.0216165
0.0215988
./data/slice/\0-merge6.dat
0.0230248
0.0205211
0.0186753
0.0185792
0.0181347
0.0181137
0.0178323
0.01797
0.0178351
0.0178373
./data/slice/\0-merge7.dat
0.0287201
0.0262511
0.025534
0.0252749
0.0249272
0.0248277
0.0248514
0.024744
0.0249047
0.0247012
./data/slice/\0-merge8.dat
0.0220323
0.0200674
0.0190482
0.0185623
0.0183938
0.0183696
0.0182498
0.0181642
0.01813
0.0181409
./data/slice/\1-access1.dat
0.0174188
0.014808
0.0144823
0.0138763
0.0138677
0.0135946
0.0135903
0.0135715
0.013638
0.013598
./data/slice/\1-access2.dat
0.0136897
0.0112519
0.0105123
0.00989624
0.00972684
0.00965514
0.00960059
0.00960756
0.00950069
0.00956567
./data/slice/\1-access3.dat
0.015314
0.0131738
0.0124139
0.0119027
0.011929
0.0118131
0.0117543
0.0117521
0.0116752
0.0116847
./data/slice/\1-access4.dat
0.0214729
0.0194629
0.0189267
0.0186967
0.0185387
0.0185756
0.0185196
0.0185011
0.0185044
0.0185222
./data/slice/\1-access5.dat
0.0186502
0.0163568
0.0154033
0.0151086
0.014794
0.014839
0.0148447
0.0148399
0.0147596
0.0147727
./data/slice/\1-access6.dat
0.0201489
0.0175971
0.0161576
0.0153592
0.0153826
0.0153597
0.0152758
0.015312
0.015287
0.0152552
./data/slice/\1-access7.dat
0.0168878
0.0146612
0.0137805
0.0130763
0.0130716
0.0130034
0.0129205
0.0129503
0.0128012
0.0128287
./data/slice/\1-access8.dat
0.0177727
0.0155057
0.014224
0.014139
0.0138833
0.0137534
0.0137502
0.013843
0.0137173
0.0137459
./data/slice/\1-core1.dat
0.0102017
0.00785623
0.0076398
0.00719421
0.00732132
0.00719908
0.007127
0.00713742
0.00718894
0.00708836
./data/slice/\1-core2.dat
0.0148339
0.0125081
0.0118607
0.0113665
0.0114303
0.0113797
0.0113246
0.0112653
0.0112762
0.011269
./data/slice/\1-core3.dat
0.0213172
0.0188073
0.0180692
0.017607
0.0175646
0.0175087
0.0175066
0.0175984
0.0174603
0.0175268
./data/slice/\1-core4.dat
0.0173371
0.0154994
0.0143866
0.0143392
0.0143085
0.0142733
0.0143026
0.0143329
0.0141686
0.0141599
./data/slice/\1-merge1.dat
0.0140694
0.0123019
0.0114574
0.0110889
0.0109372
0.0109971
0.0109809
0.0108689
0.0108175
0.0108085
./data/slice/\1-merge2.dat
0.015968
0.0136702
0.0125453
0.0119595
0.0120172
0.011957
0.0117938
0.01178
0.0117318
0.0117523
./data/slice/\1-merge3.dat
0.0133616
0.0116397
0.0106822
0.0104748
0.010417
0.0104125
0.0103914
0.0103337
0.01032
0.0103347
./data/slice/\1-merge4.dat
0.0183251
0.0162527
0.0155548
0.0153494
0.0152555
0.0153339
0.0152856
0.0151978
0.0152018
0.0152017
./data/slice/\1-merge5.dat
0.01262
0.0116802
0.0108985
0.0104421
0.0103938
0.0103904
0.0103382
0.0103956
0.0102972
0.0102972
./data/slice/\1-merge6.dat
0.0244762
0.0217675
0.0203332
0.0199832
0.0199061
0.0196584
0.019715
0.0197345
0.0197296
0.0196495
./data/slice/\1-merge7.dat
0.0150311
0.0125498
0.0118351
0.0113035
0.0113263
0.0111601
0.0112562
0.0111406
0.0111961
0.0111201
./data/slice/\1-merge8.dat
0.0201628
0.0179053
0.0165145
0.0162567
0.0161004
0.0158951
0.0158624
0.0160174
0.0158646
0.0158226
./data/slice/\2-access1.dat
0.0170136
0.0135558
0.0120194
0.0118016
0.0115322
0.0115681
0.0112511
0.0113656
0.0113795
0.0113264
./data/slice/\2-access2.dat
0.0314545
0.0289758
0.0280281
0.0275102
0.0274913
0.0271937
0.0271153
0.0273051
0.0271159
0.0271302
./data/slice/\2-access3.dat
0.0323777
0.0298626
0.0285268
0.027999
0.0278526
0.0277354
0.0277924
0.0276587
0.0276488
0.0276758
./data/slice/\2-access4.dat
0.0219899
0.017827
0.0158344
0.0156742
0.0154715
0.0151508
0.0150968
0.0149406
0.0150152
0.0150052
./data/slice/\2-access5.dat
0.0208782
0.0174252
0.0159838
0.0154376
0.0153941
0.0151943
0.0152339
0.0152691
0.0151268
0.0151033
./data/slice/\2-access6.dat
0.0165758
0.0128655
0.0112565
0.0103084
0.00998476
0.00982957
0.00970399
0.00965584
0.00965069
0.00959475
./data/slice/\2-access7.dat
0.0185442
0.0142328
0.0129458
0.0119267
0.0119707
0.0116388
0.011573
0.0114453
0.011512
0.0113574
./data/slice/\2-access8.dat
0.0251972
0.0224382
0.0217407
0.0212766
0.0213628
0.0214058
0.0210928
0.021082
0.0210118
0.0210246
./data/slice/\2-core1.dat
0.0238828
0.0201364
0.0189305
0.0184031
0.0181918
0.017925
0.0179519
0.0177926
0.0178416
0.0178937
./data/slice/\2-core2.dat
0.0148397
0.0125699
0.0122942
0.0116696
0.0116257
0.0117031
0.0114865
0.0114958
0.0114682
0.0114763
./data/slice/\2-core3.dat
0.0217096
0.0197138
0.0186612
0.0180931
0.0178757
0.0178561
0.0178631
0.0177298
0.0177377
0.0177691
./data/slice/\2-core4.dat
0.0194653
0.016036
0.0146429
0.0141294
0.0139895
0.0138851
0.0138661
0.0138264
0.0138604
0.0138284
./data/slice/\2-merge1.dat
0.0190764
0.0163858
0.0157317
0.0153768
0.0150462
0.0148731
0.01485
0.0149612
0.0148486
0.0148317
./data/slice/\2-merge2.dat
0.0225881
0.0199293
0.0190867
0.0185903
0.0184459
0.0183979
0.0183841
0.0183872
0.0183385
0.0183073
./data/slice/\2-merge3.dat
0.0268748
0.0211781
0.0208161
0.0196565
0.0198638
0.0196511
0.0195748
0.0195353
0.019412
0.0194076
./data/slice/\2-merge4.dat
0.0235428
0.0209871
0.0198668
0.0191382
0.0191123
0.0191696
0.0190863
0.0189532
0.0189935
0.0190191
./data/slice/\2-merge5.dat
0.0176717
0.0152513
0.0136382
0.0131152
0.0129912
0.012983
0.0128244
0.0129429
0.0127279
0.0127142
./data/slice/\2-merge6.dat
0.0195158
0.0149172
0.0136967
0.013213
0.0129047
0.0127809
0.0127176
0.0127281
0.0127303
0.0126867
./data/slice/\2-merge7.dat
0.022657
0.0208133
0.0195983
0.0192479
0.0192489
0.019252
0.0191311
0.0190923
0.019118
0.0191028
./data/slice/\2-merge8.dat
0.0211515
0.0172662
0.0157532
0.0153903
0.0153431
0.0151686
0.0151307
0.0148547
0.0148966
0.0149124
./data/slice/\3-access1.dat
0.0122197
0.00991037
0.00892407
0.00865405
0.00842126
0.00843741
0.00827568
0.00827954
0.00825727
0.00826063
./data/slice/\3-access2.dat
0.0125857
0.00988341
0.00899692
0.00874572
0.0084923
0.0083334
0.00833358
0.0083416
0.00833694
0.00827402
./data/slice/\3-access3.dat
0.0232701
0.0203832
0.0189479
0.0188816
0.0185693
0.0184041
0.0182564
0.0182638
0.0182563
0.0182716
./data/slice/\3-access4.dat
0.0167284
0.0129939
0.0116964
0.0115892
0.0115797
0.0113601
0.0111609
0.011077
0.0111678
0.0110809
./data/slice/\3-access5.dat
0.0316828
0.0282333
0.027476
0.0270269
0.0266657
0.026862
0.0264702
0.0265105
0.0266046
0.0264882
./data/slice/\3-access6.dat
0.0154138
0.012128
0.0105384
0.0098658
0.00967095
0.00949119
0.00959424
0.00945638
0.00932559
0.00945
./data/slice/\3-access7.dat
0.0215295
0.017786
0.0164894
0.0160209
0.0157527
0.0155316
0.0155756
0.0155635
0.0154779
0.0153737
./data/slice/\3-access8.dat
0.016481
0.0122722
0.0101928
0.00920505
0.00905153
0.00872519
0.00879685
0.00864137
0.00872
0.00861872
./data/slice/\3-core1.dat
0.0154647
0.0111594
0.00983216
0.00950287
0.00941714
0.00934588
0.00917363
0.00911101
0.00912598
0.00912087
./data/slice/\3-core2.dat
0.0149424
0.0106013
0.00916174
0.00906444
0.00884227
0.00868453
0.00859092
0.00873142
0.00871168
0.00861352
./data/slice/\3-core3.dat
0.0241546
0.02032
0.0191609
0.0187279
0.0181784
0.0182481
0.0181923
0.0182321
0.0181672
0.0180831
./data/slice/\3-core4.dat
0.0173349
0.0141518
0.013576
0.0130716
0.0127603
0.012751
0.0126758
0.0125742
0.0125913
0.0125986
./data/slice/\3-merge1.dat
0.0136734
0.0114384
0.0103006
0.0104466
0.0101653
0.0100887
0.0100076
0.00981118
0.00985703
0.00981954
./data/slice/\3-merge2.dat
0.00989427
0.007871
0.00660174
0.00631684
0.00629031
0.00617446
0.0061399
0.00605975
0.00619561
0.00605046
./data/slice/\3-merge3.dat
0.0152081
0.0126052
0.0112962
0.0111741
0.011128
0.0109878
0.0108525
0.0107392
0.0107374
0.0107855
./data/slice/\3-merge4.dat
0.0244065
0.02081
0.0194204
0.0193427
0.0192514
0.0190478
0.0189208
0.0189983
0.0188198
0.0188186
./data/slice/\3-merge5.dat
0.0169159
0.0131392
0.011254
0.0109626
0.0109986
0.0108674
0.0108406
0.0105988
0.0106818
0.010643
./data/slice/\3-merge6.dat
0.0296201
0.0265526
0.025463
0.0248768
0.0246902
0.0246795
0.0245784
0.0245039
0.024517
0.024664
./data/slice/\3-merge7.dat
0.0164936
0.011338
0.00964817
0.00868524
0.00844958
0.00803779
0.00814599
0.00809771
0.0081165
0.00801626
./data/slice/\3-merge8.dat
0.0213201
0.017185
0.0155308
0.0148458
0.0145785
0.0147143
0.014637
0.0145508
0.0143979
0.0143532
./data/slice/\4-access1.dat
0.0182108
0.0169036
0.0161243
0.0159632
0.0156843
0.0157213
0.0157831
0.0156487
0.0156253
0.0156315
./data/slice/\4-access2.dat
0.0108506
0.00775926
0.00677968
0.0064432
0.00627777
0.00615644
0.00647403
0.00620978
0.00616005
0.00612529
./data/slice/\4-access3.dat
0.013715
0.0117085
0.0106136
0.0103833
0.0103039
0.0103879
0.0102648
0.0103038
0.0102392
0.0101397
./data/slice/\4-access4.dat
0.0157656
0.013742
0.0121733
0.0118463
0.0117262
0.0116929
0.0116082
0.0114733
0.0115053
0.0115275
./data/slice/\4-access5.dat
0.0143946
0.0126948
0.0112214
0.0108261
0.0107068
0.010761
0.0105595
0.0105449
0.0105785
0.0105296
./data/slice/\4-access6.dat
0.0151895
0.011206
0.00958964
0.00881488
0.00904156
0.00864589
0.00833665
0.00840425
0.0082478
0.00829646
./data/slice/\4-access7.dat
0.0183674
0.0163598
0.0156678
0.0153337
0.0150173
0.0152009
0.0151565
0.0150434
0.0149952
0.0150195
./data/slice/\4-access8.dat
0.0163111
0.0126927
0.0112806
0.0110499
0.010835
0.0108039
0.0108158
0.0106884
0.0106698
0.0106749
./data/slice/\4-core1.dat
0.014162
0.012233
0.0115867
0.0112707
0.0111359
0.0109863
0.0110437
0.0109078
0.0110149
0.0109696
./data/slice/\4-core2.dat
0.0167295
0.0139178
0.0137569
0.013096
0.0130098
0.0129165
0.0129567
0.0129594
0.0128391
0.0128544
./data/slice/\4-core3.dat
0.00723146
0.00458215
0.00340341
0.00301998
0.00296233
0.0028849
0.00288426
0.00275808
0.00280601
0.0027488
./data/slice/\4-core4.dat
0.0134821
0.01129
0.00986623
0.00958634
0.00935204
0.00943596
0.00917539
0.00925696
0.0092379
0.00918772
./data/slice/\4-merge1.dat
0.0147319
0.0129237
0.0120411
0.0118926
0.0116358
0.0117118
0.0117397
0.011606
0.0116072
0.0115779
./data/slice/\4-merge2.dat
0.0113745
0.00849227
0.00761502
0.00733965
0.00717227
0.0072532
0.00720281
0.00719187
0.00717394
0.00713243
./data/slice/\4-merge3.dat
0.0195228
0.0174372
0.0168889
0.0165316
0.016523
0.0163398
0.0163663
0.0163003
0.0163213
0.0163516
./data/slice/\4-merge4.dat
0.0114663
0.00832147
0.00710628
0.00654454
0.00658875
0.00639171
0.0063051
0.00634408
0.00618701
0.00618701
./data/slice/\4-merge5.dat
0.0145452
0.0117934
0.0103717
0.0102562
0.00978682
0.00964378
0.00975115
0.00962496
0.00966588
0.0095843
./data/slice/\4-merge6.dat
0.015568
0.011935
0.0107959
0.0100275
0.0100445
0.00999685
0.00975645
0.00975519
0.00978375
0.00975101
./data/slice/\4-merge7.dat
0.0164827
0.0151151
0.0140091
0.0134495
0.0135331
0.0135013
0.0136644
0.0134771
0.0134144
0.0133995
./data/slice/\4-merge8.dat
0.0128793
0.00950709
0.00854148
0.00785867
0.0075029
0.00782546
0.00755112
0.00737313
0.00741054
0.0073876
./data/slice/\5-access1.dat
0.0186738
0.016686
0.0157754
0.0155593
0.0155138
0.0154887
0.0154659
0.0153287
0.0153053
0.0153334
./data/slice/\5-access2.dat
0.0154838
0.0128952
0.0117533
0.0113322
0.011374
0.0112146
0.0111594
0.0110923
0.0112189
0.0111287
./data/slice/\5-access3.dat
0.0221929
0.0190486
0.0179692
0.0177715
0.0174918
0.0175998
0.0173967
0.017302
0.0172057
0.0171689
./data/slice/\5-access4.dat
0.027948
0.0245987
0.0236862
0.023093
0.0230025
0.0229498
0.022931
0.0228944
0.02283
0.022831
./data/slice/\5-access5.dat
0.0253456
0.0228431
0.0214746
0.021105
0.0209979
0.0208738
0.0209093
0.0207586
0.0206882
0.0206523
./data/slice/\5-access6.dat
0.030537
0.0275763
0.0266191
0.0263246
0.0260963
0.0261197
0.0259695
0.0260119
0.0259909
0.0259887
./data/slice/\5-access7.dat
0.0205384
0.0163616
0.0155787
0.0149924
0.0146313
0.014654
0.014489
0.0144037
0.0143586
0.0143651
./data/slice/\5-access8.dat
0.0140417
0.0123506
0.0108182
0.0101854
0.0102397
0.010048
0.00992126
0.0099233
0.00997961
0.0100325
./data/slice/\5-core1.dat
0.0174301
0.0154025
0.0144356
0.0138
0.0136254
0.013639
0.0136963
0.0136114
0.0135531
0.0135695
./data/slice/\5-core2.dat
0.0181099
0.0153031
0.0145177
0.0142576
0.0141902
0.0141317
0.0139588
0.0139108
0.0139346
0.0139491
./data/slice/\5-core3.dat
0.009346
0.00755146
0.00662232
0.0063601
0.00630821
0.00622787
0.0062366
0.00611222
0.00615443
0.00611877
./data/slice/\5-core4.dat
0.0253689
0.0226647
0.0214877
0.0212632
0.0211079
0.0210287
0.0208679
0.0209741
0.0209441
0.0208827
./data/slice/\5-merge1.dat
0.0136791
0.0112385
0.0104186
0.00996271
0.00983887
0.0100097
0.00972717
0.00967789
0.00964523
0.00971012
./data/slice/\5-merge2.dat
0.0187664
0.0165369
0.016108
0.0158143
0.0157442
0.0157574
0.0156564
0.0155935
0.0156101
0.0155736
./data/slice/\5-merge3.dat
0.0197882
0.0162251
0.0155363
0.0153212
0.0153046
0.0152056
0.0149878
0.0149747
0.0149944
0.0149227
./data/slice/\5-merge4.dat
0.0265883
0.0245777
0.0239734
0.0237528
0.0235019
0.0234469
0.0235035
0.023395
0.0232649
0.0233021
./data/slice/\5-merge5.dat
0.023541
0.0209878
0.0196102
0.0191604
0.0190997
0.0192399
0.0189207
0.0188446
0.0187772
0.0187817
./data/slice/\5-merge6.dat
0.0245927
0.0220679
0.0212643
0.021007
0.0207352
0.0207718
0.0206477
0.0206264
0.0206751
0.020614
./data/slice/\5-merge7.dat
0.0174807
0.0148899
0.013676
0.0133651
0.0133583
0.013287
0.0132321
0.0131172
0.0131613
0.0131135
./data/slice/\5-merge8.dat
0.0159917
0.0124216
0.0121166
0.0112255
0.0108836
0.0109646
0.0108224
0.0108042
0.0107775
0.0107944
./data/slice/\6-access1.dat
0.0211027
0.0179124
0.0170544
0.016616
0.016407
0.0163604
0.0162753
0.0162763
0.0161847
0.0161393
./data/slice/\6-access2.dat
0.0228426
0.0190743
0.0178305
0.0175972
0.01714
0.0172269
0.0171035
0.0170203
0.0170493
0.0169746
./data/slice/\6-access3.dat
0.0299828
0.0260398
0.0243283
0.0239027
0.023421
0.023473
0.0233193
0.023145
0.0230255
0.0230756
./data/slice/\6-access4.dat
0.017478
0.0136557
0.0120868
0.0112488
0.0110166
0.0109789
0.0109463
0.0107604
0.0107254
0.0108398
./data/slice/\6-access5.dat
0.018492
0.015207
0.0136793
0.0132348
0.0129386
0.0128257
0.0128016
0.0128433
0.0127889
0.0127109
./data/slice/\6-access6.dat
0.0231285
0.0196318
0.0178025
0.0170448
0.0167517
0.0166737
0.0165805
0.0166595
0.0165714
0.0164131
./data/slice/\6-access7.dat
0.025782
0.0233261
0.0215351
0.0209351
0.0206828
0.0206441
0.0205473
0.0204971
0.0204882
0.0204424
./data/slice/\6-access8.dat
0.0257729
0.0232544
0.0223335
0.0217128
0.0216465
0.0216172
0.0215981
0.0214634
0.021387
0.0214277
./data/slice/\6-core1.dat
0.0198266
0.0168881
0.0156376
0.0149296
0.0149412
0.0148993
0.0149001
0.0147217
0.0146342
0.0146205
./data/slice/\6-core2.dat
0.0219876
0.0183605
0.0171028
0.0162846
0.016414
0.0163216
0.0164307
0.0162213
0.0162043
0.0161809
./data/slice/\6-core3.dat
0.0215343
0.0172827
0.0162532
0.0156082
0.0156204
0.0154153
0.0153096
0.0153695
0.0152753
0.0152833
./data/slice/\6-core4.dat
0.0189776
0.0149712
0.0136694
0.0135919
0.0131973
0.0131866
0.0130883
0.0130313
0.0131418
0.0130561
./data/slice/\6-merge1.dat
0.0223951
0.0191836
0.0181834
0.0172723
0.0172238
0.0171225
0.0169262
0.0169602
0.0169205
0.0169054
./data/slice/\6-merge2.dat
0.0214807
0.0193968
0.0179394
0.0175181
0.0173484
0.0172552
0.0170751
0.0170255
0.0169857
0.0170218
./data/slice/\6-merge3.dat
0.02318
0.0201711
0.0185435
0.0178454
0.0176826
0.0175962
0.017589
0.0174483
0.017409
0.0174237
./data/slice/\6-merge4.dat
0.0202078
0.0156164
0.0140532
0.0131367
0.0130337
0.0131566
0.0128784
0.0127518
0.0127071
0.0128063
./data/slice/\6-merge5.dat
0.0227921
0.0196433
0.0179383
0.0173481
0.0172168
0.0172985
0.0173218
0.0170659
0.0169714
0.017053
./data/slice/\6-merge6.dat
0.0156498
0.0121519
0.0109388
0.0106399
0.0101524
0.0100964
0.00989379
0.0097833
0.0098492
0.00986949
./data/slice/\6-merge7.dat
0.0240417
0.0214889
0.0202454
0.0196936
0.0195924
0.019577
0.0195369
0.0194208
0.0193275
0.0194287
./data/slice/\6-merge8.dat
0.0245853
0.0213708
0.0202266
0.0200633
0.0196304
0.0197724
0.01947
0.0194486
0.0194739
0.0194248
./data/slice/\7-access1.dat
0.0178442
0.014907
0.0144193
0.0139065
0.0135118
0.0137454
0.0136459
0.0135728
0.0135289
0.0134688
./data/slice/\7-access2.dat
0.0182927
0.0154793
0.0142232
0.0133538
0.0131978
0.0130709
0.0129037
0.0128481
0.0129025
0.0128998
./data/slice/\7-access3.dat
0.0211245
0.0174822
0.0170684
0.0163792
0.0159723
0.0158179
0.0158884
0.015816
0.015801
0.0157839
./data/slice/\7-access4.dat
0.0352542
0.0333501
0.0327167
0.0324073
0.0322177
0.0321668
0.0321108
0.0320748
0.0320439
0.0320604
./data/slice/\7-access5.dat
0.0161091
0.0124654
0.0114488
0.0110407
0.0109428
0.010915
0.0106546
0.0105517
0.0106564
0.0105797
./data/slice/\7-access6.dat
0.0249166
0.0219092
0.0212018
0.0210494
0.0205734
0.0204441
0.0204519
0.0203032
0.0203299
0.0203461
./data/slice/\7-access7.dat
0.0182585
0.014515
0.0126959
0.0125137
0.0120065
0.0119443
0.0118266
0.011885
0.0119076
0.0119047
./data/slice/\7-access8.dat
0.0219342
0.0176939
0.0174561
0.0164545
0.0166287
0.0163953
0.0161598
0.0161764
0.016198
0.0161458
./data/slice/\7-core1.dat
0.0132967
0.00994121
0.00854886
0.0082027
0.00792171
0.00769733
0.00769643
0.00780621
0.00770629
0.00754287
./data/slice/\7-core2.dat
0.0228872
0.0201208
0.0190104
0.0183468
0.018381
0.0181908
0.0181633
0.0180956
0.018085
0.0180578
./data/slice/\7-core3.dat
0.019469
0.016586
0.0152892
0.0150292
0.0146469
0.0145313
0.014467
0.0143613
0.0144745
0.0144183
./data/slice/\7-core4.dat
0.0203475
0.0184983
0.0173087
0.0173159
0.0170713
0.0169409
0.0168922
0.016821
0.0168935
0.0167955
./data/slice/\7-merge1.dat
0.0147342
0.0118404
0.00958323
0.00948129
0.00892489
0.00931519
0.00902177
0.00887805
0.00880903
0.0088558
./data/slice/\7-merge2.dat
0.0217695
0.0196953
0.0189378
0.0185959
0.0183433
0.0183282
0.0184089
0.0182761
0.0181948
0.0182293
./data/slice/\7-merge3.dat
0.02331
0.0196202
0.0182598
0.0180258
0.0179539
0.0178184
0.0177908
0.0176797
0.017714
0.017632
./data/slice/\7-merge4.dat
0.0265045
0.0248265
0.024048
0.0238393
0.0234585
0.0234784
0.0234164
0.02345
0.0234042
0.0233795
./data/slice/\7-merge5.dat
0.0156638
0.0123847
0.0113331
0.0106344
0.010469
0.0103351
0.0103811
0.0102497
0.0102439
0.0101809
./data/slice/\7-merge6.dat
0.0251244
0.0206441
0.0197519
0.0194268
0.0195248
0.0193169
0.0191095
0.0191128
0.0190694
0.0191102
./data/slice/\7-merge7.dat
0.0238064
0.0206872
0.0193415
0.0188942
0.018594
0.0187154
0.0185643
0.0184587
0.0185485
0.0184263
./data/slice/\7-merge8.dat
0.0141454
0.0105555
0.00977088
0.00921774
0.00887153
0.00876774
0.00874885
0.00865662
0.00864973
0.00862076
./data/slice/\8-access1.dat
0.0170065
0.0153517
0.0145106
0.0142855
0.0140651
0.0139415
0.013816
0.0139112
0.0137962
0.0138195
./data/slice/\8-access2.dat
0.0130068
0.0104915
0.00931919
0.00845156
0.00851733
0.0084909
0.00832815
0.00836133
0.00826463
0.00824385
./data/slice/\8-access3.dat
0.00973241
0.00658791
0.00556895
0.00544822
0.00512716
0.00520217
0.00510475
0.0050303
0.00505595
0.00508458
./data/slice/\8-access4.dat
0.00896599
0.0070335
0.00586623
0.00534407
0.00526116
0.00515399
0.0051105
0.00511833
0.00508023
0.00508847
./data/slice/\8-access5.dat
0.0151619
0.0119509
0.0107633
0.0104624
0.0102664
0.0102173
0.0102363
0.0101181
0.0101001
0.0100267
./data/slice/\8-access6.dat
0.0170034
0.0128024
0.0119176
0.0113309
0.011331
0.0111889
0.0112363
0.0110665
0.0110217
0.010996
./data/slice/\8-access7.dat
0.00980629
0.00775251
0.00648761
0.00605196
0.00605402
0.00594074
0.00593804
0.005882
0.00587337
0.00586196
./data/slice/\8-access8.dat
0.0139696
0.0115907
0.0110947
0.0106821
0.0105238
0.0105418
0.0105487
0.010483
0.0104361
0.0104618
./data/slice/\8-core1.dat
0.00565376
0.00428059
0.00348827
0.00339851
0.00326962
0.00316213
0.00323956
0.00319431
0.00319778
0.00316306
./data/slice/\8-core2.dat
0.0121862
0.0102113
0.00868059
0.00827204
0.00841235
0.00818143
0.0080987
0.00799372
0.00804588
0.00802294
./data/slice/\8-core3.dat
0.0168232
0.013576
0.0123362
0.0116867
0.0116473
0.0117101
0.0116386
0.0116216
0.0115551
0.011603
./data/slice/\8-core4.dat
0.00896706
0.00747788
0.0061966
0.00621072
0.0057982
0.00585097
0.00584491
0.0057471
0.00574177
0.00576416
./data/slice/\8-merge1.dat
0.0122986
0.0107438
0.00950027
0.00955129
0.00948708
0.00944655
0.00936177
0.00928791
0.00931681
0.00925287
./data/slice/\8-merge2.dat
0.0150519
0.0125794
0.0117798
0.0113841
0.011276
0.0112007
0.011051
0.0109965
0.0110008
0.0109401
./data/slice/\8-merge3.dat
0.0096633
0.0077508
0.00699213
0.00664362
0.0065131
0.00642481
0.00651824
0.00631141
0.00641541
0.00636175
./data/slice/\8-merge4.dat
0.008419
0.00588715
0.00457128
0.00422543
0.00416155
0.0042204
0.00407999
0.00401972
0.00401717
0.00393074
./data/slice/\8-merge5.dat
0.0107639
0.00826992
0.00750421
0.00691115
0.00665371
0.00647696
0.00654372
0.00660883
0.00647344
0.00646887
./data/slice/\8-merge6.dat
0.0156279
0.0126713
0.0110248
0.0109464
0.0108777
0.010838
0.0107486
0.0106415
0.0106645
0.0105984
./data/slice/\8-merge7.dat
0.00792823
0.00595096
0.00518146
0.00473725
0.00473563
0.00471444
0.00466986
0.00466238
0.0045558
0.00460271
./data/slice/\8-merge8.dat
0.0153021
0.0131369
0.0118403
0.0118382
0.0117386
0.0116064
0.0117078
0.0115136
0.0114882
0.0114742
./data/slice/\9-access1.dat
0.0167127
0.0139116
0.0130885
0.0128278
0.012659
0.0125265
0.0125096
0.0124219
0.0123512
0.0124
./data/slice/\9-access2.dat
0.0117669
0.00972928
0.00912306
0.00866293
0.00842391
0.00842836
0.00840943
0.00826844
0.00828878
0.00829874
./data/slice/\9-access3.dat
0.0183848
0.015461
0.0137106
0.0134735
0.0134405
0.01325
0.0131892
0.0132392
0.0130752
0.0130498
./data/slice/\9-access4.dat
0.0126447
0.0108292
0.00965848
0.00968378
0.00936861
0.00928593
0.0093035
0.00922682
0.00921144
0.00918093
./data/slice/\9-access5.dat
0.0122162
0.00940936
0.00861223
0.00842908
0.00822309
0.00814716
0.0081589
0.00816491
0.00817837
0.00812328
./data/slice/\9-access6.dat
0.0239366
0.0208815
0.0200441
0.019784
0.0194634
0.0193822
0.0192499
0.0195141
0.0192144
0.0192453
./data/slice/\9-access7.dat
0.0160573
0.0140681
0.0125774
0.0123113
0.0122138
0.0120081
0.0118945
0.0118922
0.011907
0.0118609
./data/slice/\9-access8.dat
0.0240338
0.0212917
0.0201817
0.0200747
0.0199644
0.0197315
0.0197744
0.0196929
0.0196455
0.0196763
./data/slice/\9-core1.dat
0.0255784
0.0232227
0.0221909
0.0217674
0.0215961
0.0215395
0.0213751
0.0215182
0.0213888
0.0213968
./data/slice/\9-core2.dat
0.00976173
0.0073975
0.00700606
0.00655971
0.00634222
0.00652018
0.00637353
0.00632885
0.00632023
0.00632924
./data/slice/\9-core3.dat
0.0163309
0.0143567
0.0127793
0.0123743
0.0123726
0.0122393
0.0121673
0.0121935
0.0121663
0.0121702
./data/slice/\9-core4.dat
0.0135592
0.0112386
0.0104354
0.00980254
0.00967766
0.00954506
0.00951264
0.00954669
0.00957788
0.00949539
./data/slice/\9-merge1.dat
0.0142534
0.0127278
0.011593
0.0115437
0.0111682
0.0113253
0.0111521
0.0111328
0.0111243
0.0111271
./data/slice/\9-merge2.dat
0.0131864
0.0100384
0.00896905
0.008928
0.00863386
0.00871513
0.00842672
0.00836066
0.00835511
0.00840365
./data/slice/\9-merge3.dat
0.0167993
0.0144478
0.0135102
0.0134008
0.0132283
0.0133745
0.0131969
0.0130838
0.0130176
0.0130748
./data/slice/\9-merge4.dat
0.0135791
0.0116893
0.0100286
0.00960309
0.00939875
0.00934135
0.00928511
0.00918734
0.00918273
0.00923788
./data/slice/\9-merge5.dat
0.0169243
0.0145017
0.0137962
0.0134355
0.013207
0.0132243
0.01314
0.013114
0.0131684
0.0131629
./data/slice/\9-merge6.dat
0.0201317
0.0179027
0.0167613
0.01645
0.0162012
0.0161977
0.0162398
0.0161751
0.0161038
0.0161551
./data/slice/\9-merge7.dat
0.0238693
0.0205788
0.0198551
0.0193253
0.0191123
0.0191208
0.0189969
0.0190225
0.0189662
0.0190589
./data/slice/\9-merge8.dat
0.0141831
0.012817
0.0117532
0.0112226
0.0111353
0.0110694
0.0110255
0.0110131
0.0110551
0.0110363
