./data/slice1/\0-access1.dat
0.97006
0.97619
0.97619
0.97619
0.97619
0.97619
0.97619
0.97619
0.97619
0.97619
./data/slice1/\0-access2.dat
0.954315
0.959596
0.959596
0.959596
0.959596
0.959596
0.959596
0.959596
0.959596
0.964824
./data/slice1/\0-access3.dat
0.965986
0.965986
0.965986
0.965986
0.965986
0.972973
0.972973
0.972973
0.972973
0.972973
./data/slice1/\0-access4.dat
0.970414
0.951807
0.951807
0.951807
0.951807
0.976471
0.976471
0.976471
0.976471
0.970414
./data/slice1/\0-access5.dat
0.96875
0.979381
0.979381
0.979381
0.979381
0.979381
0.979381
0.979381
0.979381
0.979381
./data/slice1/\0-access6.dat
0.962567
0.962567
0.962567
0.962567
0.962567
0.962567
0.962567
0.962567
0.962567
0.962567
./data/slice1/\0-access7.dat
0.977778
0.977778
0.977778
0.977778
0.977778
0.977778
0.977778
0.977778
0.977778
0.977778
./data/slice1/\0-access8.dat
0.960894
0.966667
0.961326
0.966667
0.966667
0.978022
0.978022
0.978022
0.978022
0.978022
./data/slice1/\0-core1.dat
0.975845
0.960396
0.960396
0.960396
0.960396
0.975845
0.980583
0.980583
0.980583
0.970588
./data/slice1/\0-core2.dat
0.957447
0.957447
0.957447
0.957447
0.957447
0.957447
0.957447
0.957447
0.957447
0.957447
./data/slice1/\0-core3.dat
0.975
0.975
0.975
0.975
0.975
0.981366
0.981366
0.981366
0.981366
0.981366
./data/slice1/\0-core4.dat
0.972973
0.972973
0.972973
0.972973
0.972973
0.972973
0.972973
0.972973
0.972973
0.972973
./data/slice1/\0-merge1.dat
0.959184
0.953846
0.953846
0.953846
0.953846
0.959184
0.959184
0.959184
0.959184
0.959184
./data/slice1/\0-merge2.dat
0.966292
0.972067
0.972067
0.972067
0.972067
0.966292
0.966292
0.966292
0.966292
0.972067
./data/slice1/\0-merge3.dat
0.973545
0.956989
0.956989
0.956989
0.956989
0.968085
0.968085
0.968085
0.968085
0.973545
./data/slice1/\0-merge4.dat
0.974684
0.974684
0.974684
0.974684
0.974684
0.974684
0.974684
0.974684
0.974684
0.974684
./data/slice1/\0-merge5.dat
0.965854
0.945813
0.950495
0.950495
0.950495
0.975845
0.975845
0.975845
0.975845
0.970874
./data/slice1/\0-merge6.dat
0.97076
0.976744
0.976744
0.976744
0.976744
0.976744
0.976744
0.976744
0.976744
0.976744
./data/slice1/\0-merge7.dat
0.959596
0.97
0.97
0.97
0.97
0.97
0.97
0.97
0.97
0.97
./data/slice1/\0-merge8.dat
0.96732
0.974026
0.974026
0.974026
0.974026
0.974026
0.974026
0.974026
0.974026
0.974026
./data/slice1/\1-access1.dat
0.976744
0.971963
0.971963
0.971963
0.971963
0.976744
0.976744
0.976744
0.976744
0.981481
./data/slice1/\1-access2.dat
0.9869
0.991304
0.991304
0.991304
0.991304
0.991304
0.991304
0.991304
0.991304
0.991304
./data/slice1/\1-access3.dat
0.980198
0.990196
0.990196
0.990196
0.990196
0.990196
0.990196
0.990196
0.990196
0.990196
./data/slice1/\1-access4.dat
0.967742
0.976959
0.976959
0.972477
0.972477
0.976959
0.976959
0.976959
0.976959
0.976959
./data/slice1/\1-access5.dat
0.977011
0.977011
0.977011
0.977011
0.977011
0.977011
0.977011
0.977011
0.977011
0.977011
./data/slice1/\1-access6.dat
0.953271
0.962617
0.962617
0.962617
0.962617
0.972222
0.972222
0.972222
0.972222
0.972222
./data/slice1/\1-access7.dat
0.98
0.969697
0.969697
0.969697
0.969697
0.974874
0.974874
0.974874
0.974874
0.974874
./data/slice1/\1-access8.dat
0.971963
0.976744
0.976744
0.976744
0.976744
0.971963
0.971963
0.971963
0.971963
0.976744
./data/slice1/\1-core1.dat
0.988764
0.988764
0.988764
0.988764
0.988764
0.988764
0.988764
0.988764
0.988764
0.988764
./data/slice1/\1-core2.dat
0.979381
0.979381
0.979381
0.979381
0.979381
0.979381
0.979381
0.979381
0.979381
0.979381
./data/slice1/\1-core3.dat
0.966825
0.976526
0.976526
0.976526
0.976526
0.976526
0.976526
0.976526
0.976526
0.976526
./data/slice1/\1-core4.dat
0.981818
0.986425
0.986425
0.986425
0.986425
0.986425
0.986425
0.986425
0.986425
0.986425
./data/slice1/\1-merge1.dat
0.977778
0.983425
0.983425
0.983425
0.983425
0.983425
0.983425
0.983425
0.983425
0.983425
./data/slice1/\1-merge2.dat
0.976
0.984127
0.988048
0.988048
0.988048
0.988048
0.988048
0.988048
0.988048
0.988048
./data/slice1/\1-merge3.dat
0.981481
0.981481
0.981481
0.981481
0.981481
0.981481
0.981481
0.981481
0.981481
0.986175
./data/slice1/\1-merge4.dat
0.981481
0.986175
0.986175
0.986175
0.986175
0.986175
0.986175
0.986175
0.986175
0.986175
./data/slice1/\1-merge5.dat
0.989362
0.983957
0.983957
0.983957
0.983957
0.989362
0.989362
0.989362
0.989362
0.983957
./data/slice1/\1-merge6.dat
0.960784
0.965854
0.965854
0.965854
0.965854
0.965854
0.965854
0.965854
0.965854
0.965854
./data/slice1/\1-merge7.dat
0.980392
0.975369
0.975369
0.975369
0.975369
0.980392
0.980392
0.980392
0.980392
0.980392
./data/slice1/\1-merge8.dat
0.970297
0.970588
0.980198
0.980198
0.980198
0.980198
0.980198
0.980198
0.980198
0.980198
./data/slice1/\2-access1.dat
0.976744
0.982659
0.982659
0.982659
0.982659
0.988506
0.988506
0.988506
0.988506
0.988506
./data/slice1/\2-access2.dat
0.964539
0.957143
0.957143
0.957143
0.957143
0.964539
0.964539
0.964539
0.964539
0.964539
./data/slice1/\2-access3.dat
0.95858
0.95858
0.95858
0.95858
0.95858
0.964706
0.964706
0.964706
0.964706
0.964706
./data/slice1/\2-access4.dat
0.971154
0.976077
0.976077
0.976077
0.976077
0.976077
0.976077
0.976077
0.976077
0.976077
./data/slice1/\2-access5.dat
0.947917
0.968421
0.978723
0.978723
0.978723
0.968085
0.973262
0.973262
0.973262
0.978723
./data/slice1/\2-access6.dat
0.982659
0.982659
0.982659
0.982659
0.982659
0.988506
0.988506
0.988506
0.988506
0.988506
./data/slice1/\2-access7.dat
0.969697
0.957055
0.957055
0.957055
0.957055
0.969697
0.969697
0.969697
0.969697
0.963415
./data/slice1/\2-access8.dat
0.946667
0.953642
0.953642
0.953642
0.953642
0.960526
0.960526
0.960526
0.960526
0.96732
./data/slice1/\2-core1.dat
0.953368
0.958763
0.958763
0.958763
0.958763
0.953368
0.953368
0.953368
0.953368
0.958763
./data/slice1/\2-core2.dat
0.978417
0.992806
0.992806
0.992806
0.992806
0.992806
0.992806
0.992806
0.992806
0.992806
./data/slice1/\2-core3.dat
0.960452
0.966292
0.971751
0.971751
0.971751
0.971751
0.971751
0.971751
0.971751
0.971751
./data/slice1/\2-core4.dat
0.977011
0.977011
0.977011
0.977011
0.977011
0.977011
0.977011
0.977011
0.977011
0.977011
./data/slice1/\2-merge1.dat
0.97931
0.97931
0.97931
0.97931
0.97931
0.97931
0.97931
0.97931
0.97931
0.97931
./data/slice1/\2-merge2.dat
0.974026
0.974026
0.974026
0.974026
0.974026
0.974026
0.974026
0.974026
0.974026
0.974026
./data/slice1/\2-merge3.dat
0.966184
0.971154
0.971154
0.971154
0.971154
0.971154
0.971154
0.971154
0.971154
0.971154
./data/slice1/\2-merge4.dat
0.96
0.971751
0.971751
0.971751
0.971751
0.971751
0.971751
0.971751
0.971751
0.971751
./data/slice1/\2-merge5.dat
0.982857
0.982857
0.982857
0.982857
0.982857
0.988636
0.988636
0.988636
0.988636
0.988636
./data/slice1/\2-merge6.dat
0.985646
0.980769
0.980769
0.980769
0.980769
0.985646
0.985646
0.985646
0.985646
0.985646
./data/slice1/\2-merge7.dat
0.961832
0.977444
0.977444
0.977444
0.977444
0.977444
0.977444
0.977444
0.977444
0.977444
./data/slice1/\2-merge8.dat
0.954023
0.954023
0.954023
0.954023
0.954023
0.965909
0.965909
0.965909
0.965909
0.96
./data/slice1/\3-access1.dat
0.990826
0.990826
0.990826
0.990826
0.990826
0.990826
0.990826
0.990826
0.990826
0.990826
./data/slice1/\3-access2.dat
0.979798
0.984925
0.984925
0.984925
0.984925
0.984925
0.984925
0.984925
0.984925
0.99
./data/slice1/\3-access3.dat
0.976744
0.986175
0.986175
0.986175
0.986175
0.986175
0.986175
0.986175
0.986175
0.986175
./data/slice1/\3-access4.dat
0.988764
0.988764
0.988764
0.988764
0.988764
0.988764
0.988764
0.988764
0.988764
0.988764
./data/slice1/\3-access5.dat
0.958333
0.957895
0.957895
0.957895
0.957895
0.963351
0.963351
0.963351
0.963351
0.963351
./data/slice1/\3-access6.dat
0.984456
0.989691
0.989691
0.989691
0.989691
0.994872
0.994872
0.994872
0.994872
0.994872
./data/slice1/\3-access7.dat
0.979798
0.974874
0.974874
0.979798
0.979798
0.984925
0.984925
0.984925
0.984925
0.979798
./data/slice1/\3-access8.dat
0.97561
0.985366
0.985366
0.985366
0.985366
0.985366
0.985366
0.985366
0.985366
0.985366
./data/slice1/\3-core1.dat
0.990291
0.990291
0.990291
0.990291
0.990291
0.990291
0.990291
0.990291
0.990291
0.995169
./data/slice1/\3-core2.dat
0.975904
0.975904
0.975904
0.975904
0.975904
0.975904
0.975904
0.975904
0.975904
0.975904
./data/slice1/\3-core3.dat
0.968326
0.972727
0.972727
0.972727
0.972727
0.972727
0.972727
0.972727
0.972727
0.972727
./data/slice1/\3-core4.dat
0.993711
0.993711
0.993711
0.993711
0.993711
0.993711
0.993711
0.993711
0.993711
0.993711
./data/slice1/\3-merge1.dat
0.98
0.98
0.984925
0.984925
0.984925
0.984925
0.984925
0.984925
0.984925
0.984925
./data/slice1/\3-merge2.dat
0.994924
0.994924
0.994924
0.994924
0.994924
0.994924
0.994924
0.994924
0.994924
0.994924
./data/slice1/\3-merge3.dat
0.989011
0.994536
0.994536
0.994536
0.994536
0.994536
0.994536
0.994536
0.994536
0.994536
./data/slice1/\3-merge4.dat
0.980198
0.980198
0.980198
0.980198
0.980198
0.980198
0.980198
0.980198
0.980198
0.980198
./data/slice1/\3-merge5.dat
0.966184
0.985782
0.985782
0.985782
0.985782
0.985782
0.985782
0.985782
0.985782
0.985782
./data/slice1/\3-merge6.dat
0.95858
0.964286
0.964286
0.964286
0.964286
0.970414
0.970414
0.970414
0.970414
0.970414
./data/slice1/\3-merge7.dat
0.984456
0.989691
0.989691
0.989691
0.989691
0.989691
0.989691
0.989691
0.989691
0.989691
./data/slice1/\3-merge8.dat
0.963351
0.973822
0.973822
0.96875
0.973822
0.979167
0.979167
0.979167
0.979167
0.979167
./data/slice1/\4-access1.dat
0.974874
0.975124
0.98
0.98
0.98
0.985075
0.985075
0.985075
0.985075
0.98
./data/slice1/\4-access2.dat
0.995215
1
1
1
1
1
1
1
1
1
./data/slice1/\4-access3.dat
0.98913
0.978022
0.978022
0.978022
0.978022
0.98913
0.98913
0.98913
0.98913
0.98913
./data/slice1/\4-access4.dat
0.971154
0.966184
0.966184
0.966184
0.966184
0.985782
0.985782
0.985782
0.985782
0.980952
./data/slice1/\4-access5.dat
0.980392
0.990291
0.990291
0.990291
0.990291
0.995169
0.995169
0.995169
0.995169
0.995169
./data/slice1/\4-access6.dat
0.956098
0.980583
0.980583
0.980583
0.980583
0.980583
0.980583
0.975845
0.980583
0.985507
./data/slice1/\4-access7.dat
0.957576
0.97006
0.97006
0.97006
0.97006
0.97006
0.97006
0.97006
0.97006
0.97006
./data/slice1/\4-access8.dat
0.975124
0.975124
0.98
0.98
0.98
0.974874
0.974874
0.974874
0.974874
0.990099
./data/slice1/\4-core1.dat
0.973684
0.987013
0.987013
0.987013
0.987013
0.987013
0.987013
0.987013
0.987013
0.987013
./data/slice1/\4-core2.dat
0.973684
0.991379
0.991379
0.991379
0.991379
0.995708
0.995708
0.995708
0.995708
0.995708
./data/slice1/\4-core3.dat
0.978022
0.98324
0.98324
0.98324
0.98324
0.988889
0.988889
0.988889
0.988889
0.98324
./data/slice1/\4-core4.dat
0.977578
0.982143
0.982143
0.982143
0.982143
0.982143
0.982143
0.982143
0.982143
0.982143
./data/slice1/\4-merge1.dat
0.984772
0.989899
0.989899
0.989899
0.989899
0.989899
0.989899
0.989899
0.989899
0.989899
./data/slice1/\4-merge2.dat
0.986667
0.99115
0.99115
0.99115
0.99115
0.99115
0.99115
0.99115
0.99115
0.99115
./data/slice1/\4-merge3.dat
0.984772
0.979592
0.979592
0.979592
0.979592
0.984772
0.984772
0.984772
0.984772
0.984772
./data/slice1/\4-merge4.dat
0.975124
0.97
0.97
0.97
0.97
0.990196
0.990196
0.990196
0.990196
0.985222
./data/slice1/\4-merge5.dat
0.979079
0.991736
0.995851
0.995851
0.995851
0.991667
0.991667
0.991667
0.991667
0.995851
./data/slice1/\4-merge6.dat
0.96
0.977528
0.977528
0.977528
0.977528
0.977528
0.977528
0.977528
0.977528
0.977528
./data/slice1/\4-merge7.dat
0.974359
0.974359
0.980645
0.980645
0.980645
0.980645
0.980645
0.980645
0.980645
0.980645
./data/slice1/\4-merge8.dat
0.989796
0.994924
0.994924
0.994924
0.994924
0.994924
0.994924
0.994924
0.994924
0.994924
./data/slice1/\5-access1.dat
0.99
0.974619
0.974619
0.974619
0.974619
0.984925
0.984925
0.984925
0.984925
0.99
./data/slice1/\5-access2.dat
0.990991
0.990991
0.990991
0.990991
0.990991
0.990991
0.990991
0.990991
0.990991
0.990991
./data/slice1/\5-access3.dat
0.973822
0.973822
0.973822
0.973822
0.973822
0.979167
0.979167
0.979167
0.979167
0.979167
./data/slice1/\5-access4.dat
0.955556
0.955056
0.955056
0.955056
0.955056
0.966667
0.966667
0.966667
0.966667
0.960894
./data/slice1/\5-access5.dat
0.972973
0.972973
0.972973
0.972973
0.972973
0.982143
0.982143
0.982143
0.982143
0.982143
./data/slice1/\5-access6.dat
0.95858
0.97076
0.97076
0.97076
0.97076
0.964706
0.964706
0.964706
0.964706
0.97076
./data/slice1/\5-access7.dat
0.971193
0.970954
0.970954
0.970954
0.970954
0.975207
0.975207
0.975207
0.975207
0.975207
./data/slice1/\5-access8.dat
0.978903
0.991667
0.991667
0.991667
0.991667
0.987448
0.987448
0.987448
0.987448
0.991667
./data/slice1/\5-core1.dat
0.962567
0.962963
0.968085
0.968085
0.968085
0.973545
0.973545
0.973545
0.973545
0.973545
./data/slice1/\5-core2.dat
0.980198
0.985222
0.985222
0.985222
0.985222
0.985222
0.985222
0.985222
0.985222
0.985222
./data/slice1/\5-core3.dat
0.980892
0.987342
0.987342
0.987342
0.987342
0.987342
0.987342
0.987342
0.987342
0.987342
./data/slice1/\5-core4.dat
0.971193
0.966942
0.966942
0.966942
0.966942
0.966942
0.966942
0.966942
0.966942
0.971193
./data/slice1/\5-merge1.dat
0.979592
0.974093
0.974093
0.974093
0.974093
0.979381
0.979381
0.979381
0.979381
0.984615
./data/slice1/\5-merge2.dat
0.994975
0.994975
0.994975
0.994975
0.994975
0.994975
0.994975
0.994975
0.994975
0.994975
./data/slice1/\5-merge3.dat
0.982857
0.982857
0.982857
0.982857
0.982857
0.982857
0.982857
0.982857
0.982857
0.982857
./data/slice1/\5-merge4.dat
0.957895
0.962963
0.957895
0.962963
0.962963
0.968421
0.968421
0.968421
0.968421
0.968421
./data/slice1/\5-merge5.dat
0.974093
0.979381
0.979381
0.979381
0.979381
0.979381
0.979381
0.979381
0.979381
0.979381
./data/slice1/\5-merge6.dat
0.974093
0.969072
0.979167
0.974093
0.979167
0.974093
0.979167
0.979167
0.979167
0.979167
./data/slice1/\5-merge7.dat
0.974138
0.978541
0.978541
0.978541
0.978541
0.978541
0.978541
0.978541
0.978541
0.978541
./data/slice1/\5-merge8.dat
0.975207
0.970954
0.970954
0.970954
0.970954
0.979424
0.979424
0.979424
0.979424
0.975207
./data/slice1/\6-access1.dat
0.97561
0.97561
0.97561
0.97561
0.97561
0.980583
0.980583
0.980583
0.980583
0.980583
./data/slice1/\6-access2.dat
0.957265
0.965812
0.965812
0.965812
0.965812
0.978903
0.978903
0.978903
0.978903
0.978903
./data/slice1/\6-access3.dat
0.969163
0.964602
0.964602
0.964602
0.964602
0.969163
0.969163
0.969163
0.969163
0.969163
./data/slice1/\6-access4.dat
0.969697
0.974619
0.974619
0.979592
0.974619
0.984772
0.984772
0.984772
0.984772
0.979798
./data/slice1/\6-access5.dat
0.985075
0.974874
0.974874
0.974874
0.974874
0.985075
0.985075
0.985075
0.985075
0.98
./data/slice1/\6-access6.dat
0.981651
0.976959
0.976959
0.976959
0.976959
0.981651
0.981651
0.981651
0.981651
0.976959
./data/slice1/\6-access7.dat
0.978166
0.969163
0.969163
0.969163
0.969163
0.978166
0.978166
0.978166
0.978166
0.973684
./data/slice1/\6-access8.dat
0.965517
0.970588
0.970588
0.970588
0.970588
0.970588
0.970588
0.970588
0.970588
0.97561
./data/slice1/\6-core1.dat
0.985075
0.990099
0.990099
0.990099
0.990099
0.990099
0.990099
0.990099
0.990099
0.990099
./data/slice1/\6-core2.dat
0.979592
0.979592
0.979592
0.979592
0.979592
0.979592
0.979592
0.979592
0.979592
0.979592
./data/slice1/\6-core3.dat
0.974619
0.974619
0.974619
0.974619
0.974619
0.969388
0.969388
0.969388
0.969388
0.974619
./data/slice1/\6-core4.dat
0.990291
0.980392
0.980392
0.980392
0.980392
0.990291
0.990291
0.990291
0.990291
0.985366
./data/slice1/\6-merge1.dat
0.975124
0.975124
0.975124
0.975124
0.975124
0.975124
0.975124
0.975124
0.975124
0.975124
./data/slice1/\6-merge2.dat
0.968889
0.968889
0.968889
0.968889
0.968889
0.977974
0.977974
0.977974
0.977974
0.977974
./data/slice1/\6-merge3.dat
0.981818
0.977169
0.977169
0.977169
0.977169
0.981818
0.981818
0.981818
0.981818
0.981818
./data/slice1/\6-merge4.dat
0.966507
0.975845
0.975845
0.980583
0.980583
0.980583
0.980583
0.980583
0.980583
0.980583
./data/slice1/\6-merge5.dat
0.985222
0.985222
0.985222
0.985222
0.985222
0.985222
0.985222
0.985222
0.985222
0.985222
./data/slice1/\6-merge6.dat
0.985782
0.980952
0.980952
0.980952
0.980952
0.985782
0.985782
0.985782
0.985782
0.985782
./data/slice1/\6-merge7.dat
0.982456
0.977974
0.977974
0.977974
0.977974
0.982456
0.982456
0.982456
0.982456
0.982456
./data/slice1/\6-merge8.dat
0.974619
0.979798
0.979798
0.979798
0.979798
0.979798
0.979798
0.979798
0.979798
0.979798
./data/slice1/\7-access1.dat
0.981651
0.972222
0.972222
0.972222
0.972222
0.981651
0.981651
0.981651
0.981651
0.981651
./data/slice1/\7-access2.dat
0.978541
0.991525
0.991525
0.991525
0.991525
0.991525
0.991525
0.991525
0.991525
0.991525
./data/slice1/\7-access3.dat
0.973684
0.978166
0.978166
0.978166
0.978166
0.978166
0.978166
0.978166
0.978166
0.978166
./data/slice1/\7-access4.dat
0.954248
0.961039
0.961039
0.961039
0.961039
0.967742
0.967742
0.967742
0.967742
0.967742
./data/slice1/\7-access5.dat
0.972678
0.983607
0.983607
0.983607
0.983607
0.98913
0.98913
0.98913
0.98913
0.98913
./data/slice1/\7-access6.dat
0.972222
0.967442
0.967442
0.967442
0.967442
0.972222
0.972222
0.972222
0.972222
0.972222
./data/slice1/\7-access7.dat
0.981651
0.981651
0.981651
0.981651
0.981651
0.986301
0.986301
0.986301
0.986301
0.986301
./data/slice1/\7-access8.dat
0.978166
0.973684
0.973684
0.973684
0.973684
0.978166
0.978166
0.978166
0.978166
0.982609
./data/slice1/\7-core1.dat
0.987342
0.991597
0.991597
0.991597
0.991597
0.991597
0.991597
0.991597
0.991597
0.991597
./data/slice1/\7-core2.dat
0.977578
0.977578
0.977578
0.977578
0.977578
0.977578
0.977578
0.977578
0.977578
0.977578
./data/slice1/\7-core3.dat
0.972727
0.972727
0.972727
0.972727
0.972727
0.977376
0.977376
0.977376
0.977376
0.977376
./data/slice1/\7-core4.dat
0.966667
0.978022
0.978022
0.978022
0.978022
0.978022
0.978022
0.978022
0.978022
0.978022
./data/slice1/\7-merge1.dat
0.991453
0.987124
0.991379
0.991379
0.991379
0.995708
0.995708
0.995708
0.995708
0.991379
./data/slice1/\7-merge2.dat
0.986047
0.986047
0.986047
0.986047
0.986047
0.981308
0.981308
0.981308
0.981308
0.986047
./data/slice1/\7-merge3.dat
0.97479
0.97479
0.97479
0.978903
0.97479
0.978903
0.978903
0.978903
0.978903
0.978903
./data/slice1/\7-merge4.dat
0.97561
0.97561
0.97561
0.97561
0.97561
0.97561
0.97561
0.97561
0.97561
0.97561
./data/slice1/\7-merge5.dat
0.991228
0.982301
0.982301
0.982301
0.982301
0.991228
0.991228
0.991228
0.991228
0.991228
./data/slice1/\7-merge6.dat
0.965174
0.965174
0.965174
0.965174
0.965174
0.975369
0.975369
0.975369
0.975369
0.970297
./data/slice1/\7-merge7.dat
0.977974
0.973451
0.973451
0.973451
0.973451
0.977974
0.977974
0.977974
0.977974
0.973451
./data/slice1/\7-merge8.dat
0.985782
0.980952
0.980952
0.980952
0.980952
0.990566
0.990566
0.990566
0.990566
0.990566
./data/slice1/\8-access1.dat
0.962162
0.967391
0.967391
0.967391
0.967391
0.978495
0.978495
0.978495
0.978495
0.978495
./data/slice1/\8-access2.dat
0.985222
0.995122
0.995122
0.995122
0.995122
1
1
1
1
1
./data/slice1/\8-access3.dat
0.995745
1
1
1
0.995781
0.995745
0.995745
0.995745
0.995745
1
./data/slice1/\8-access4.dat
1
1
1
1
1
1
1
1
1
1
./data/slice1/\8-access5.dat
0.962567
0.973545
0.973545
0.973545
0.973545
0.994819
0.994819
0.994819
0.994819
0.989583
./data/slice1/\8-access6.dat
0.982456
0.9869
0.9869
0.9869
0.9869
0.9869
0.9869
0.9869
0.9869
0.991304
./data/slice1/\8-access7.dat
0.995556
0.99115
0.995556
0.995556
0.99115
0.995556
0.995556
0.995556
0.995556
0.995556
./data/slice1/\8-access8.dat
0.995392
0.995392
0.995392
0.995392
0.995392
0.990741
0.990741
0.990741
0.990741
0.995392
./data/slice1/\8-core1.dat
0.994536
1
1
1
1
1
1
1
1
1
./data/slice1/\8-core2.dat
0.989691
0.994819
0.994819
0.994819
0.994819
0.994819
0.994819
0.994819
0.994819
0.994819
./data/slice1/\8-core3.dat
0.976077
0.971154
0.971154
0.971154
0.971154
0.980952
0.980952
0.980952
0.980952
0.980952
./data/slice1/\8-core4.dat
0.994924
0.994924
0.994924
0.994924
0.994924
1
1
1
1
1
./data/slice1/\8-merge1.dat
0.974684
0.974684
0.974684
0.974684
0.974684
0.9875
0.9875
0.9875
0.9875
0.9875
./data/slice1/\8-merge2.dat
0.970297
0.975369
0.975369
0.975369
0.975369
0.985366
0.985366
0.985366
0.985366
0.980392
./data/slice1/\8-merge3.dat
1
1
1
1
1
1
1
1
1
1
./data/slice1/\8-merge4.dat
1
1
1
1
1
1
1
1
1
1
./data/slice1/\8-merge5.dat
1
0.990566
0.990566
0.990566
0.990566
0.995305
0.995305
0.995305
0.995305
1
./data/slice1/\8-merge6.dat
0.970874
0.980769
0.980769
0.980769
0.980769
0.980769
0.980769
0.980769
0.980769
0.980769
./data/slice1/\8-merge7.dat
0.995595
0.995595
0.995595
0.995595
0.995595
1
1
1
1
1
./data/slice1/\8-merge8.dat
0.974359
0.974359
0.974359
0.974359
0.974359
0.974359
0.974359
0.974359
0.974359
0.989899
./data/slice1/\9-access1.dat
0.973214
0.982301
0.982301
0.982301
0.982301
0.982301
0.982301
0.982301
0.982301
0.982301
./data/slice1/\9-access2.dat
0.973451
0.9869
0.9869
0.9869
0.9869
0.9869
0.9869
0.9869
0.9869
0.9869
./data/slice1/\9-access3.dat
0.974359
0.974359
0.974359
0.974359
0.974359
0.984772
0.984772
0.984772
0.984772
0.984772
./data/slice1/\9-access4.dat
0.984615
0.989796
0.989796
0.989796
0.989796
0.994924
0.994924
0.994924
0.994924
0.994924
./data/slice1/\9-access5.dat
0.981132
0.976303
0.976303
0.976303
0.976303
0.995349
0.995349
0.995349
0.995349
0.995349
./data/slice1/\9-access6.dat
0.948357
0.967742
0.967742
0.967742
0.967742
0.972477
0.972477
0.972477
0.972477
0.972477
./data/slice1/\9-access7.dat
0.972477
0.977169
0.977169
0.977169
0.977169
0.981818
0.981818
0.981818
0.981818
0.986425
./data/slice1/\9-access8.dat
0.978355
0.969432
0.969432
0.969432
0.969432
0.978355
0.978355
0.978355
0.978355
0.978355
./data/slice1/\9-core1.dat
0.955224
0.960396
0.960396
0.960396
0.960396
0.965517
0.965517
0.965517
0.965517
0.965517
./data/slice1/\9-core2.dat
0.985915
0.990654
0.990654
0.990654
0.990654
0.990654
0.990654
0.990654
0.990654
0.995349
./data/slice1/\9-core3.dat
0.977011
0.982857
0.982857
0.982857
0.982857
0.982857
0.982857
0.982857
0.982857
0.982857
./data/slice1/\9-core4.dat
0.995169
0.990291
0.990291
0.990291
0.990291
0.995169
0.995169
0.995169
0.995169
0.995169
./data/slice1/\9-merge1.dat
0.969163
0.978166
0.978166
0.978166
0.978166
0.978166
0.978166
0.978166
0.978166
0.982609
./data/slice1/\9-merge2.dat
0.981308
0.985915
0.985915
0.985915
0.985915
0.990654
0.990654
0.990654
0.990654
0.990654
./data/slice1/\9-merge3.dat
0.975369
0.980392
0.980392
0.980392
0.980392
0.985366
0.985366
0.985366
0.985366
0.990291
./data/slice1/\9-merge4.dat
0.983957
0.989362
0.989362
0.989362
0.989362
0.989362
0.989362
0.989362
0.989362
0.989362
./data/slice1/\9-merge5.dat
0.972477
0.977169
0.977169
0.977169
0.977169
0.981818
0.981818
0.981818
0.981818
0.981818
./data/slice1/\9-merge6.dat
0.974359
0.979592
0.979592
0.979592
0.979592
0.984772
0.984772
0.984772
0.984772
0.984772
./data/slice1/\9-merge7.dat
0.95814
0.972477
0.972477
0.972477
0.972477
0.972477
0.972477
0.972477
0.972477
0.972477
./data/slice1/\9-merge8.dat
0.989796
0.989796
0.989796
0.989796
0.989796
0.989796
0.989796
0.989796
0.989796
0.989796
