./data/slice/\0-access1.dat
1.11543
0.594495
0.29611
0.162614
0.0982005
0.0794512
0.0542126
0.036469
0.0274655
0.0238976
./data/slice/\0-access2.dat
1.11038
0.597033
0.297786
0.161584
0.0982963
0.0797864
0.0519857
0.0376663
0.0273218
0.0249512
./data/slice/\0-access3.dat
1.10907
0.598717
0.294006
0.164005
0.1005
0.0790211
0.0533273
0.037116
0.0256938
0.0232514
./data/slice/\0-access4.dat
1.11654
0.598314
0.294966
0.165014
0.0976433
0.0782919
0.0525219
0.0366911
0.0272549
0.0240456
./data/slice/\0-access5.dat
1.10895
0.591824
0.298127
0.160655
0.0964458
0.0785314
0.0538871
0.0363079
0.0280931
0.0245006
./data/slice/\0-access6.dat
1.11024
0.592686
0.291733
0.160631
0.101188
0.0780764
0.0519711
0.037194
0.0272549
0.0208124
./data/slice/\0-access7.dat
1.11407
0.598434
0.292571
0.163194
0.0996072
0.0812856
0.0516837
0.0365474
0.0267998
0.0240217
./data/slice/\0-access8.dat
1.1153
0.588341
0.294614
0.16042
0.0999449
0.0793476
0.0491222
0.0368836
0.0275429
0.0233995
./data/slice/\0-core1.dat
0.954543
0.460941
0.215411
0.117428
0.0683952
0.0543138
0.0348122
0.0254806
0.017462
0.0157298
./data/slice/\0-core2.dat
0.94848
0.462701
0.215663
0.118853
0.0681996
0.0564372
0.0368518
0.0260673
0.0188869
0.0145563
./data/slice/\0-core3.dat
0.952964
0.463658
0.219298
0.116927
0.0695417
0.0519118
0.0360141
0.0243913
0.0181049
0.0161491
./data/slice/\0-core4.dat
0.952098
0.466424
0.212732
0.116396
0.0687593
0.0518279
0.0351759
0.0244751
0.0188033
0.0160932
./data/slice/\0-merge1.dat
1.03457
0.533053
0.253955
0.139304
0.0823137
0.0673569
0.0445866
0.0307387
0.0227188
0.0193664
./data/slice/\0-merge2.dat
1.03847
0.536089
0.255344
0.136517
0.0826736
0.0661183
0.0428067
0.0299647
0.022899
0.0199077
./data/slice/\0-merge3.dat
1.03484
0.529955
0.249207
0.141921
0.0844616
0.065274
0.0444358
0.0305609
0.0235719
0.0203224
./data/slice/\0-merge4.dat
1.02938
0.526796
0.256332
0.138908
0.0824522
0.0665394
0.0464487
0.0313612
0.021664
0.019085
./data/slice/\0-merge5.dat
1.03479
0.526927
0.259156
0.136748
0.0828949
0.0664913
0.045213
0.0299959
0.0238832
0.0178995
./data/slice/\0-merge6.dat
1.03276
0.528861
0.25245
0.137419
0.0815279
0.0673682
0.0425049
0.0292995
0.0223357
0.0190086
./data/slice/\0-merge7.dat
1.03936
0.530976
0.25374
0.137548
0.0819664
0.0653822
0.0439492
0.0311049
0.0224131
0.0188796
./data/slice/\0-merge8.dat
1.03655
0.528565
0.253153
0.139511
0.0815816
0.0653581
0.0433829
0.0311315
0.0226716
0.0186995
./data/slice/\1-access1.dat
0.930204
0.456009
0.215797
0.11468
0.0695334
0.0536725
0.036566
0.0244696
0.0182138
0.0156118
./data/slice/\1-access2.dat
0.932713
0.457899
0.21256
0.114253
0.0680758
0.0542059
0.0355744
0.0262171
0.0174965
0.0161123
./data/slice/\1-access3.dat
0.931261
0.459969
0.214025
0.115221
0.0702065
0.0526272
0.0366812
0.0258291
0.0174963
0.0151154
./data/slice/\1-access4.dat
0.929074
0.459
0.213222
0.118903
0.0698466
0.0527933
0.0366259
0.0261337
0.0178838
0.016472
./data/slice/\1-access5.dat
0.925916
0.45749
0.216439
0.112871
0.066388
0.0521857
0.0359348
0.0252762
0.0188256
0.0155311
./data/slice/\1-access6.dat
0.933029
0.456921
0.213178
0.114203
0.0708749
0.0546788
0.0346622
0.0254153
0.0179402
0.0148948
./data/slice/\1-access7.dat
0.932198
0.457171
0.210604
0.117525
0.0689369
0.0554264
0.0345515
0.0244463
0.0189369
0.0155592
./data/slice/\1-access8.dat
0.932697
0.451689
0.211517
0.113981
0.0699336
0.0542359
0.0338317
0.0244463
0.018134
0.0163621
./data/slice/\1-core1.dat
0.774349
0.347496
0.154708
0.0823281
0.045928
0.0365938
0.0237069
0.0163106
0.0116273
0.0102708
./data/slice/\1-core2.dat
0.772831
0.349143
0.152092
0.0817467
0.0466063
0.0387578
0.025128
0.0174733
0.0127255
0.0100124
./data/slice/\1-core3.dat
0.774749
0.343497
0.154291
0.0791964
0.0474145
0.034818
0.0252576
0.0173767
0.0132102
0.0112399
./data/slice/\1-core4.dat
0.781015
0.356771
0.150803
0.0819741
0.0476083
0.0359807
0.0246762
0.0168599
0.0125965
0.010271
./data/slice/\1-merge1.dat
0.856291
0.404877
0.182002
0.0971276
0.0583123
0.0452845
0.0293947
0.0215243
0.0143992
0.0121633
./data/slice/\1-merge2.dat
0.859762
0.402468
0.180992
0.0971291
0.0581343
0.0436455
0.0296634
0.0199744
0.0152342
0.0136541
./data/slice/\1-merge3.dat
0.851112
0.403554
0.179357
0.0986822
0.0575696
0.0449884
0.0304693
0.0206309
0.0150558
0.0143104
./data/slice/\1-merge4.dat
0.853139
0.400811
0.182726
0.0983841
0.0570628
0.0452865
0.0305587
0.0223898
0.0143999
0.0123427
./data/slice/\1-merge5.dat
0.859754
0.400465
0.186041
0.097105
0.0572732
0.0439164
0.0311857
0.0209892
0.0156823
0.0119853
./data/slice/\1-merge6.dat
0.852952
0.400298
0.181932
0.0956172
0.0550388
0.0460942
0.0284138
0.0205128
0.0154144
0.0136255
./data/slice/\1-merge7.dat
0.856947
0.403131
0.180829
0.0957662
0.0563208
0.0449911
0.0287418
0.0197973
0.0148479
0.0127907
./data/slice/\1-merge8.dat
0.858229
0.400775
0.181753
0.096452
0.0549791
0.044186
0.0287418
0.0211688
0.0152355
0.0124031
./data/slice/\2-access1.dat
1.20032
0.66978
0.344163
0.193386
0.117464
0.0952921
0.0654925
0.0450108
0.0342696
0.0288434
./data/slice/\2-access2.dat
1.19914
0.671331
0.341983
0.192724
0.117494
0.0965622
0.0618389
0.0456229
0.0333663
0.0300742
./data/slice/\2-access3.dat
1.1941
0.6709
0.34209
0.191476
0.12074
0.0938918
0.0657532
0.0441543
0.0317421
0.0290951
./data/slice/\2-access4.dat
1.19837
0.67199
0.340577
0.193612
0.118316
0.0947371
0.06473
0.04431
0.0320313
0.0300071
./data/slice/\2-access5.dat
1.19748
0.670233
0.346739
0.191965
0.117226
0.0954266
0.0640849
0.0453555
0.0344114
0.0293843
./data/slice/\2-access6.dat
1.19592
0.666207
0.337196
0.188384
0.119806
0.0953377
0.0624166
0.0460005
0.0328321
0.0260477
./data/slice/\2-access7.dat
1.19991
0.672458
0.342424
0.192922
0.118583
0.0951375
0.0631061
0.045311
0.0327876
0.029362
./data/slice/\2-access8.dat
1.19879
0.666704
0.340581
0.191456
0.118317
0.0968958
0.0600594
0.0461345
0.0320539
0.027872
./data/slice/\2-core1.dat
1.0463
0.531984
0.251745
0.140288
0.083223
0.0653172
0.0446607
0.0305437
0.0212015
0.0188141
./data/slice/\2-core2.dat
1.03397
0.531361
0.250915
0.141015
0.0824445
0.067523
0.0441417
0.0305956
0.0228883
0.0181913
./data/slice/\2-core3.dat
1.03846
0.528039
0.256079
0.13912
0.0844427
0.0634748
0.043986
0.029869
0.0223693
0.0197483
./data/slice/\2-core4.dat
1.0352
0.52937
0.249595
0.139148
0.0829646
0.0657074
0.0418845
0.0301288
0.0223436
0.0193852
./data/slice/\2-merge1.dat
1.12282
0.605899
0.294495
0.161439
0.0983964
0.0806237
0.0539168
0.0368388
0.0270183
0.023665
./data/slice/\2-merge2.dat
1.12684
0.603911
0.297704
0.161152
0.100744
0.0792345
0.0520006
0.0364795
0.028168
0.0240721
./data/slice/\2-merge3.dat
1.12076
0.599593
0.292658
0.167038
0.10085
0.0786921
0.054258
0.0377291
0.0290813
0.0240268
./data/slice/\2-merge4.dat
1.1163
0.596
0.298287
0.162415
0.100347
0.0816146
0.0552162
0.0380884
0.0261588
0.023955
./data/slice/\2-merge5.dat
1.125
0.599162
0.301306
0.162199
0.0993652
0.0796742
0.0543778
0.0369625
0.0279554
0.0230926
./data/slice/\2-merge6.dat
1.11932
0.598443
0.294526
0.166487
0.0997964
0.0801294
0.0526291
0.0363157
0.027141
0.0233082
./data/slice/\2-merge7.dat
1.12845
0.600144
0.293736
0.163085
0.0982633
0.0795784
0.0535633
0.0379207
0.0270212
0.0231165
./data/slice/\2-merge8.dat
1.12369
0.601756
0.293524
0.163998
0.0977614
0.077639
0.0539712
0.0378014
0.026782
0.022494
./data/slice/\3-access1.dat
1.19842
0.66774
0.342599
0.194698
0.116828
0.0955279
0.0640776
0.0448432
0.0335825
0.0288294
./data/slice/\3-access2.dat
1.19544
0.671827
0.342266
0.192411
0.118583
0.095439
0.0612125
0.0452653
0.0328717
0.0297844
./data/slice/\3-access3.dat
1.19394
0.672042
0.341929
0.191764
0.121047
0.0942386
0.0655428
0.0447983
0.032205
0.0286292
./data/slice/\3-access4.dat
1.19654
0.673767
0.339549
0.194996
0.118121
0.0943993
0.0634364
0.0446453
0.0326289
0.0290972
./data/slice/\3-access5.dat
1.19314
0.668644
0.346173
0.192079
0.118197
0.0944511
0.0642854
0.0447821
0.0339198
0.0293438
./data/slice/\3-access6.dat
1.19348
0.667688
0.338309
0.189946
0.119086
0.0942956
0.0617753
0.0448487
0.0324093
0.0266338
./data/slice/\3-access7.dat
1.19802
0.674915
0.342245
0.192125
0.119131
0.0940523
0.0630866
0.0449381
0.0334314
0.0292997
./data/slice/\3-access8.dat
1.20042
0.666341
0.337747
0.191532
0.118358
0.0947663
0.0610005
0.0457615
0.0321219
0.0280123
./data/slice/\3-core1.dat
1.04217
0.528563
0.253048
0.139209
0.0834683
0.0658988
0.0441571
0.0305264
0.0209124
0.0184765
./data/slice/\3-core2.dat
1.03655
0.532606
0.250897
0.14294
0.0836756
0.0675572
0.0434574
0.0304228
0.0230114
0.0176732
./data/slice/\3-core3.dat
1.0344
0.52776
0.25481
0.139105
0.0851268
0.0623745
0.0435352
0.0302932
0.0221563
0.0188393
./data/slice/\3-core4.dat
1.03501
0.531032
0.248154
0.138615
0.0832362
0.0649408
0.0426546
0.0298531
0.0220011
0.0191246
./data/slice/\3-merge1.dat
1.12042
0.605705
0.294923
0.163463
0.100484
0.0816839
0.0540573
0.0365963
0.0269569
0.0232973
./data/slice/\3-merge2.dat
1.12502
0.604238
0.299273
0.161237
0.100627
0.0794585
0.0511864
0.0375287
0.0272436
0.0243255
./data/slice/\3-merge3.dat
1.12067
0.600904
0.290741
0.168393
0.100581
0.0791016
0.0545363
0.0376731
0.0283924
0.0236085
./data/slice/\3-merge4.dat
1.11765
0.598256
0.296724
0.165261
0.0990516
0.0805377
0.0540825
0.0390609
0.0262878
0.0230825
./data/slice/\3-merge5.dat
1.12255
0.600292
0.302466
0.16494
0.0997536
0.0804009
0.0540153
0.0368873
0.0280841
0.0222472
./data/slice/\3-merge6.dat
1.11521
0.597924
0.293065
0.164797
0.0998014
0.0806641
0.0512643
0.0370787
0.0274382
0.0239935
./data/slice/\3-merge7.dat
1.12631
0.602316
0.293718
0.163533
0.0982728
0.0792307
0.0544711
0.0372949
0.0266494
0.0231089
./data/slice/\3-merge8.dat
1.11965
0.599285
0.29286
0.164109
0.0962406
0.0782269
0.0538976
0.0371757
0.0271043
0.0224155
./data/slice/\4-access1.dat
0.918161
0.448588
0.208464
0.113429
0.0678901
0.0524226
0.0351435
0.023912
0.0182267
0.0158299
./data/slice/\4-access2.dat
0.916024
0.448102
0.207702
0.111559
0.0678495
0.0529918
0.0350119
0.0255899
0.0172272
0.0160007
./data/slice/\4-access3.dat
0.913247
0.449654
0.20785
0.111842
0.0683541
0.0522971
0.0358776
0.0250335
0.0174509
0.015165
./data/slice/\4-access4.dat
0.91255
0.45155
0.20707
0.114881
0.0689953
0.0516838
0.0352364
0.0251728
0.0173116
0.0154996
./data/slice/\4-access5.dat
0.915891
0.448871
0.211068
0.111486
0.0648732
0.0511012
0.0351826
0.0242543
0.0182046
0.014915
./data/slice/\4-access6.dat
0.915556
0.449122
0.20591
0.110148
0.0678283
0.0526624
0.0331754
0.0236967
0.0182325
0.0147477
./data/slice/\4-access7.dat
0.915556
0.448481
0.206384
0.11366
0.0675216
0.0526624
0.034625
0.023864
0.0178701
0.0154447
./data/slice/\4-access8.dat
0.916643
0.438863
0.206189
0.110064
0.0677446
0.0531084
0.0322832
0.0232227
0.0180095
0.0156956
./data/slice/\4-core1.dat
0.761383
0.339729
0.150839
0.0801353
0.0450761
0.0365552
0.0235462
0.0165864
0.011578
0.0100169
./data/slice/\4-core2.dat
0.760082
0.339729
0.148205
0.0803955
0.0462469
0.0366853
0.0240666
0.0170092
0.0126187
0.0098543
./data/slice/\4-core3.dat
0.763139
0.337193
0.150872
0.0773709
0.0453363
0.0350267
0.0231885
0.0167816
0.0127488
0.0107324
./data/slice/\4-core4.dat
0.764277
0.346331
0.147099
0.0801028
0.0461493
0.0353194
0.0233836
0.016001
0.0127163
0.0103096
./data/slice/\4-merge1.dat
0.842486
0.395954
0.179171
0.0931126
0.0573624
0.0437947
0.0289664
0.0204415
0.0138078
0.0125771
./data/slice/\4-merge2.dat
0.846676
0.392676
0.177278
0.0966832
0.056341
0.0431637
0.0277653
0.0199009
0.0151583
0.0137776
./data/slice/\4-merge3.dat
0.836926
0.395557
0.174782
0.0978685
0.0574002
0.0420594
0.0307415
0.0197838
0.0147703
0.0137496
./data/slice/\4-merge4.dat
0.836806
0.393696
0.178295
0.0944161
0.054308
0.0431702
0.0295707
0.0210748
0.0135095
0.0120384
./data/slice/\4-merge5.dat
0.838747
0.390747
0.180647
0.0952924
0.0563228
0.0430827
0.0287318
0.0196649
0.0152516
0.0115288
./data/slice/\4-merge6.dat
0.84229
0.392128
0.179837
0.0925003
0.0529602
0.0444638
0.0274709
0.0198451
0.0149514
0.0126696
./data/slice/\4-merge7.dat
0.840999
0.389396
0.174823
0.0935511
0.0547616
0.0431428
0.0287919
0.0194248
0.0139906
0.0127297
./data/slice/\4-merge8.dat
0.840279
0.389336
0.175543
0.0944818
0.055242
0.0436832
0.0280413
0.0205056
0.0149814
0.0120992
./data/slice/\5-access1.dat
1.00951
0.50856
0.246887
0.133497
0.0797225
0.0639449
0.0430298
0.0291299
0.0222712
0.0189853
./data/slice/\5-access2.dat
1.00372
0.512368
0.243601
0.132636
0.0791749
0.0638667
0.0411522
0.0302773
0.0204718
0.018568
./data/slice/\5-access3.dat
1.006
0.512674
0.244093
0.132739
0.0817817
0.0618578
0.0428206
0.0288426
0.0217493
0.0185678
./data/slice/\5-access4.dat
1.00076
0.512257
0.245841
0.136677
0.0801909
0.0618839
0.0418297
0.0297032
0.0217233
0.018959
./data/slice/\5-access5.dat
1.00313
0.509936
0.248422
0.130105
0.0780003
0.0613363
0.0424555
0.0285558
0.0221144
0.0186982
./data/slice/\5-access6.dat
1.00351
0.512747
0.243333
0.131473
0.0805373
0.0637152
0.0415205
0.0297059
0.0218035
0.0179957
./data/slice/\5-access7.dat
1.00432
0.51426
0.244429
0.132907
0.0815805
0.0649149
0.0417552
0.0292104
0.0214384
0.0186216
./data/slice/\5-access8.dat
1.00678
0.506103
0.239581
0.131762
0.0806948
0.0644463
0.0390694
0.0284284
0.0209692
0.0190131
./data/slice/\5-core1.dat
0.844238
0.390264
0.178383
0.0938617
0.0554043
0.0438427
0.0288127
0.0198068
0.0135088
0.0124135
./data/slice/\5-core2.dat
0.843551
0.389783
0.175708
0.0962363
0.0555268
0.0454559
0.0289044
0.0202026
0.0153041
0.0115009
./data/slice/\5-core3.dat
0.851066
0.391426
0.179116
0.0947455
0.0573828
0.0417744
0.0287218
0.0193203
0.0150607
0.0128092
./data/slice/\5-core4.dat
0.84845
0.397815
0.172605
0.0944412
0.054827
0.0425046
0.0281742
0.0185596
0.0151216
0.0113488
./data/slice/\5-merge1.dat
0.929802
0.454299
0.208951
0.112395
0.0676
0.0531925
0.0340949
0.0245742
0.0176934
0.0149411
./data/slice/\5-merge2.dat
0.933131
0.454714
0.210155
0.111916
0.0686382
0.0525178
0.032971
0.02331
0.0183391
0.0159238
./data/slice/\5-merge3.dat
0.923386
0.450501
0.204595
0.114949
0.0682731
0.0515629
0.034937
0.023956
0.0181706
0.0161204
./data/slice/\5-merge4.dat
0.928862
0.451681
0.211082
0.113348
0.0659421
0.0523773
0.0370433
0.02595
0.0174966
0.0155587
./data/slice/\5-merge5.dat
0.92702
0.449116
0.213534
0.112483
0.0672087
0.0534468
0.0355001
0.0242378
0.0189577
0.0142675
./data/slice/\5-merge6.dat
0.929139
0.447858
0.209942
0.110237
0.0646819
0.0534475
0.0346861
0.0235922
0.0184244
0.0154473
./data/slice/\5-merge7.dat
0.924321
0.452302
0.206126
0.111306
0.0666208
0.0515384
0.0342653
0.0232274
0.0169641
0.0150824
./data/slice/\5-merge8.dat
0.932058
0.45259
0.208516
0.111055
0.0668745
0.0519043
0.0343782
0.0250253
0.0184811
0.0148017
./data/slice/\6-access1.dat
1.2608
0.730717
0.382035
0.218909
0.136075
0.109801
0.0750417
0.051351
0.0384555
0.0326588
./data/slice/\6-access2.dat
1.2617
0.728869
0.382056
0.219161
0.133765
0.108142
0.0730045
0.0530732
0.0374264
0.0351581
./data/slice/\6-access3.dat
1.25588
0.732128
0.38166
0.21741
0.137218
0.107896
0.0747734
0.0518373
0.0371137
0.033522
./data/slice/\6-access4.dat
1.26436
0.736
0.3822
0.21846
0.134437
0.107507
0.0744234
0.0521573
0.0381885
0.0338613
./data/slice/\6-access5.dat
1.26293
0.729845
0.387136
0.217725
0.133723
0.108285
0.0758518
0.0526404
0.0395958
0.0337352
./data/slice/\6-access6.dat
1.26058
0.727093
0.378671
0.216359
0.137252
0.109986
0.07289
0.0512961
0.0368651
0.0309205
./data/slice/\6-access7.dat
1.26303
0.734825
0.382128
0.21853
0.136227
0.108603
0.072115
0.0530412
0.0391139
0.0344085
./data/slice/\6-access8.dat
1.26332
0.728489
0.381186
0.217629
0.135283
0.111125
0.0714226
0.0533569
0.0373078
0.0324132
./data/slice/\6-core1.dat
1.11002
0.584157
0.284114
0.157814
0.0950806
0.0746922
0.0507015
0.034822
0.025216
0.0220303
./data/slice/\6-core2.dat
1.1042
0.584459
0.282746
0.159997
0.0947877
0.0775357
0.0504325
0.037126
0.0257064
0.0206582
./data/slice/\6-core3.dat
1.10616
0.582032
0.286372
0.158086
0.0970667
0.0734678
0.0508491
0.0358517
0.0254123
0.0232068
./data/slice/\6-core4.dat
1.10876
0.585096
0.283211
0.159115
0.0953268
0.0748401
0.0503345
0.0340873
0.026074
0.0225697
./data/slice/\6-merge1.dat
1.18636
0.661057
0.330585
0.185038
0.113407
0.092847
0.0616794
0.0427029
0.0320271
0.0270738
./data/slice/\6-merge2.dat
1.19313
0.65906
0.333544
0.185918
0.116595
0.0904711
0.0601633
0.0441273
0.0324791
0.0273223
./data/slice/\6-merge3.dat
1.18355
0.657649
0.330057
0.189086
0.114596
0.0900978
0.0616864
0.043522
0.0328903
0.0274614
./data/slice/\6-merge4.dat
1.1885
0.657837
0.334992
0.187934
0.113602
0.0908453
0.0632705
0.0451965
0.0309227
0.028163
./data/slice/\6-merge5.dat
1.19237
0.659662
0.336493
0.185857
0.113356
0.0938108
0.0626612
0.0420079
0.0322807
0.0264444
./data/slice/\6-merge6.dat
1.18565
0.656427
0.332919
0.18726
0.112722
0.093019
0.0598109
0.04427
0.0308329
0.027779
./data/slice/\6-merge7.dat
1.18956
0.659254
0.329695
0.185931
0.112002
0.091959
0.0625954
0.0434797
0.031309
0.0273275
./data/slice/\6-merge8.dat
1.18858
0.656751
0.329744
0.186612
0.112954
0.0913266
0.0619627
0.0430504
0.0317845
0.0266718
./data/slice/\7-access1.dat
1.15697
0.632206
0.318964
0.179427
0.107467
0.087418
0.058394
0.0394754
0.0307313
0.0257247
./data/slice/\7-access2.dat
1.15676
0.634005
0.318364
0.179266
0.107582
0.0890099
0.0565944
0.0416671
0.0295546
0.0270398
./data/slice/\7-access3.dat
1.15394
0.636916
0.317962
0.177856
0.110318
0.0860897
0.0602236
0.0403798
0.0293965
0.0257969
./data/slice/\7-access4.dat
1.15876
0.636122
0.315719
0.179435
0.107601
0.0850332
0.0587502
0.0406129
0.0299289
0.0270906
./data/slice/\7-access5.dat
1.15246
0.629661
0.32158
0.175212
0.106517
0.0859562
0.0598809
0.0395745
0.030875
0.0257292
./data/slice/\7-access6.dat
1.15714
0.63116
0.316699
0.176372
0.109589
0.0872515
0.0575292
0.0418373
0.0290531
0.0239301
./data/slice/\7-access7.dat
1.15577
0.627983
0.316034
0.176628
0.108229
0.0859833
0.0565607
0.0403378
0.0295842
0.0265842
./data/slice/\7-access8.dat
1.15519
0.625652
0.316172
0.176374
0.108298
0.086191
0.0543684
0.0411686
0.0294226
0.0255458
./data/slice/\7-core1.dat
0.998842
0.494952
0.234958
0.128086
0.0769645
0.0592511
0.0404609
0.0274316
0.0191133
0.017175
./data/slice/\7-core2.dat
0.994656
0.499051
0.234342
0.129272
0.0753772
0.0607325
0.0393577
0.0279973
0.0211325
0.0161792
./data/slice/\7-core3.dat
0.993876
0.495686
0.23655
0.127953
0.0770463
0.0567214
0.0398422
0.0270281
0.0200019
0.0174983
./data/slice/\7-core4.dat
0.997429
0.501555
0.23052
0.127549
0.0762925
0.0590634
0.0382539
0.0269743
0.0204326
0.0172022
./data/slice/\7-merge1.dat
1.07694
0.56965
0.274402
0.151811
0.0894714
0.0735449
0.0497671
0.0337909
0.0248711
0.0209454
./data/slice/\7-merge2.dat
1.08398
0.569022
0.276933
0.152355
0.0915822
0.073072
0.0478285
0.0339396
0.0256907
0.0220135
./data/slice/\7-merge3.dat
1.08008
0.56556
0.269622
0.154244
0.0940571
0.071394
0.0498739
0.0338457
0.0259185
0.0219425
./data/slice/\7-merge4.dat
1.0753
0.565766
0.278696
0.151388
0.0917472
0.0734077
0.0504212
0.0357844
0.0243284
0.0223404
./data/slice/\7-merge5.dat
1.08244
0.564034
0.27942
0.149774
0.092146
0.0745269
0.0497509
0.0334489
0.0252233
0.0199053
./data/slice/\7-merge6.dat
1.07612
0.561009
0.271819
0.150373
0.0900348
0.0732604
0.0474404
0.0329771
0.0239563
0.0217445
./data/slice/\7-merge7.dat
1.07858
0.563284
0.272447
0.149879
0.089366
0.0713487
0.0489078
0.0341211
0.0242054
0.0202043
./data/slice/\7-merge8.dat
1.07719
0.563533
0.272994
0.149954
0.0904844
0.0710008
0.0482865
0.0339969
0.0240563
0.0197818
./data/slice/\8-access1.dat
1.05413
0.541915
0.263406
0.144382
0.0860758
0.0683073
0.0458174
0.0316026
0.0239114
0.0206369
./data/slice/\8-access2.dat
1.04579
0.538607
0.264074
0.141811
0.0844366
0.0682144
0.0451378
0.032089
0.0228735
0.0213503
./data/slice/\8-access3.dat
1.04702
0.545828
0.263114
0.142716
0.0874676
0.0675113
0.0465394
0.0323211
0.022673
0.0204641
./data/slice/\8-access4.dat
1.04623
0.545245
0.260753
0.145331
0.0857665
0.0670035
0.0462093
0.0318133
0.0230539
0.0198548
./data/slice/\8-access5.dat
1.0458
0.541436
0.266389
0.14104
0.0843955
0.066775
0.0449144
0.0309755
0.0243995
0.0201087
./data/slice/\8-access6.dat
1.04847
0.542542
0.258703
0.141018
0.0896534
0.069138
0.0455249
0.0325505
0.0228513
0.0194744
./data/slice/\8-access7.dat
1.04565
0.542251
0.258684
0.143764
0.0876244
0.0686573
0.0447644
0.0307485
0.0230804
0.0201097
./data/slice/\8-access8.dat
1.04418
0.532297
0.256805
0.13861
0.0867103
0.0684542
0.0412604
0.0319927
0.0232074
0.0205921
./data/slice/\8-core1.dat
0.88389
0.416013
0.189716
0.101982
0.0594769
0.0463553
0.0306863
0.0206747
0.014573
0.0130624
./data/slice/\8-core2.dat
0.881727
0.418412
0.190012
0.104203
0.058381
0.0484583
0.0311602
0.0224223
0.0164983
0.0121442
./data/slice/\8-core3.dat
0.888168
0.415249
0.193095
0.10225
0.0620548
0.0442529
0.0311014
0.0205862
0.0160246
0.0141882
./data/slice/\8-core4.dat
0.888938
0.419395
0.187616
0.102605
0.0590927
0.0450527
0.0301536
0.020675
0.0161135
0.0127664
./data/slice/\8-merge1.dat
0.965486
0.479914
0.223923
0.120614
0.0715428
0.0580653
0.037234
0.0264629
0.0191364
0.0159379
./data/slice/\8-merge2.dat
0.974822
0.481205
0.225895
0.120042
0.0732114
0.057328
0.0361136
0.0255064
0.0196287
0.0167582
./data/slice/\8-merge3.dat
0.966943
0.480573
0.219342
0.124709
0.0730867
0.0559703
0.0383343
0.0261122
0.0203976
0.0178
./data/slice/\8-merge4.dat
0.967462
0.478167
0.227408
0.122331
0.070079
0.0563804
0.0393733
0.0272332
0.0189757
0.0166516
./data/slice/\8-merge5.dat
0.972849
0.476253
0.229377
0.120253
0.0718016
0.0584858
0.0378968
0.0263856
0.0199054
0.0152845
./data/slice/\8-merge6.dat
0.969758
0.477414
0.224079
0.119518
0.072077
0.0571202
0.0365854
0.0257574
0.0199606
0.0168435
./data/slice/\8-merge7.dat
0.968992
0.478521
0.222417
0.118072
0.0700829
0.0555905
0.0371606
0.0260042
0.017883
0.0163791
./data/slice/\8-merge8.dat
0.970742
0.477263
0.222553
0.119876
0.0725985
0.0553444
0.0375434
0.0262777
0.019633
0.0160783
./data/slice/\9-access1.dat
1.07402
0.560338
0.272733
0.151424
0.0901496
0.0735646
0.0493079
0.0332195
0.0242567
0.0219229
./data/slice/\9-access2.dat
1.07112
0.560603
0.274367
0.149251
0.0905039
0.0726763
0.0472756
0.0337434
0.0242834
0.021999
./data/slice/\9-access3.dat
1.06906
0.56499
0.272723
0.150119
0.0915119
0.071198
0.0496176
0.0339724
0.0236913
0.0205374
./data/slice/\9-access4.dat
1.07085
0.561736
0.272971
0.153521
0.0906675
0.0711731
0.0480282
0.0340221
0.0247094
0.0218536
./data/slice/\9-access5.dat
1.06971
0.559948
0.278434
0.148878
0.0891527
0.0705026
0.048053
0.0332522
0.0262988
0.0216549
./data/slice/\9-access6.dat
1.06956
0.558657
0.271779
0.149821
0.0936227
0.0723652
0.046861
0.0336744
0.0245108
0.0205374
./data/slice/\9-access7.dat
1.07209
0.562545
0.270792
0.150843
0.0912906
0.0725905
0.0478307
0.0327315
0.0242382
0.0214071
./data/slice/\9-access8.dat
1.0718
0.551905
0.270451
0.148388
0.0904734
0.0714499
0.0448517
0.0335022
0.0247107
0.0214076
./data/slice/\9-core1.dat
0.911248
0.43265
0.199667
0.109828
0.0633302
0.049627
0.0329398
0.0226262
0.0156732
0.0137322
./data/slice/\9-core2.dat
0.908901
0.432534
0.200797
0.110002
0.0621714
0.051597
0.0323604
0.0237561
0.0175563
0.0134425
./data/slice/\9-core3.dat
0.912739
0.431671
0.202857
0.107541
0.0648376
0.0469334
0.0328534
0.0223368
0.0175855
0.0147174
./data/slice/\9-core4.dat
0.914361
0.433323
0.196831
0.107078
0.0628386
0.0481502
0.0321291
0.0225106
0.0177883
0.0141669
./data/slice/\9-merge1.dat
0.991992
0.500515
0.233105
0.129173
0.0764716
0.0615249
0.0397599
0.0273533
0.0196527
0.0169521
./data/slice/\9-merge2.dat
0.999278
0.500949
0.23776
0.125752
0.0762855
0.0606701
0.0386909
0.0269259
0.0205353
0.018423
./data/slice/\9-merge3.dat
0.991201
0.496229
0.232911
0.13083
0.0775032
0.0602535
0.0408376
0.0281611
0.0210473
0.0193624
./data/slice/\9-merge4.dat
0.991121
0.494197
0.236494
0.128958
0.0749358
0.0602535
0.0409713
0.0298192
0.0198706
0.0172764
./data/slice/\9-merge5.dat
0.993555
0.494518
0.238393
0.126444
0.0757649
0.0602803
0.040062
0.0274123
0.0213682
0.0165009
./data/slice/\9-merge6.dat
0.991014
0.494571
0.234275
0.127059
0.0752567
0.0610826
0.0387783
0.0276797
0.0217426
0.0178915
./data/slice/\9-merge7.dat
0.995159
0.497152
0.233398
0.126046
0.0744564
0.0595063
0.0399561
0.02752
0.0193897
0.0174908
./data/slice/\9-merge8.dat
0.995132
0.495855
0.232709
0.127253
0.0760631
0.0590265
0.0402247
0.0285103
0.0214763
0.0175983
