./data/kw/\0-access1.dat
0.0534173
0.0533198
0.0533307
0.0532948
0.0532948
0.0532828
0.0532828
./data/kw/\1-access1.dat
0.0385528
0.0384427
0.0383463
0.0382987
0.0382987
0.0382987
0.0382987
./data/kw/\2-access1.dat
0.0640133
0.0639523
0.0638608
0.0638524
0.0638524
0.0638524
0.0638524
./data/kw/\3-access1.dat
0.0643853
0.0642794
0.0642585
0.0642503
0.0642503
0.0642503
0.0642503
./data/kw/\4-access1.dat
0.0374639
0.0374175
0.0373881
0.0373862
0.0373862
0.0373862
0.0373862
./data/kw/\5-access1.dat
0.0438426
0.0438077
0.0437633
0.0437633
0.0437633
0.0437633
0.0437633
./data/kw/\6-access1.dat
0.0742729
0.0742455
0.0741997
0.0741997
0.0741997
0.0741997
0.0741997
./data/kw/\7-access1.dat
0.0585221
0.0584385
0.0584048
0.0583985
0.0583985
0.0583985
0.0583985
./data/kw/\8-access1.dat
0.0470451
0.0469492
0.0469131
0.0469031
0.0469031
0.0469031
0.0469031
./data/kw/\9-access1.dat
0.0491696
0.049064
0.0490411
0.0490411
0.0490411
0.0490411
0.0490411
