./data/kw/\0-access1.dat
0.0533951
0.0533275
0.0532828
0.0532828
0.0532828
0.0532828
0.0532828
./data/kw/\1-access1.dat
0.0384764
0.0383949
0.0382987
0.0382987
0.0382987
0.0382987
0.0382987
./data/kw/\2-access1.dat
0.0639592
0.0638874
0.0638608
0.0638524
0.0638524
0.0638524
0.0638524
./data/kw/\3-access1.dat
0.0643172
0.0642609
0.0642503
0.0642503
0.0642503
0.0642503
0.0642503
./data/kw/\4-access1.dat
0.0374373
0.0373882
0.0373862
0.0373862
0.0373862
0.0373862
0.0373862
./data/kw/\5-access1.dat
0.0438268
0.0437971
0.0437633
0.0437633
0.0437633
0.0437633
0.0437633
./data/kw/\6-access1.dat
0.0742803
0.0742102
0.0741997
0.0741997
0.0741997
0.0741997
0.0741997
./data/kw/\7-access1.dat
0.0584809
0.0584229
0.0583985
0.0583985
0.0583985
0.0583985
0.0583985
./data/kw/\8-access1.dat
0.0470078
0.0469603
0.0469115
0.0469031
0.0469031
0.0469031
0.0469031
./data/kw/\9-access1.dat
0.0490999
0.049068
0.0490411
0.0490411
0.0490411
0.0490411
0.0490411
