./data/kw/\0-access1.dat
0.0533451
0.0532948
0.0532828
0.0532828
0.0532828
0.0532828
0.0532828
./data/kw/\1-access1.dat
0.0383233
0.0383119
0.0382987
0.0382987
0.0382987
0.0382987
0.0382987
./data/kw/\2-access1.dat
0.063884
0.0638721
0.0638524
0.0638524
0.0638524
0.0638524
0.0638524
./data/kw/\3-access1.dat
0.0642793
0.0642503
0.0642503
0.0642503
0.0642503
0.0642503
0.0642503
./data/kw/\4-access1.dat
0.0373881
0.0373881
0.0373862
0.0373862
0.0373862
0.0373862
0.0373862
./data/kw/\5-access1.dat
0.0438072
0.0437971
0.0437633
0.0437633
0.0437633
0.0437633
0.0437633
./data/kw/\6-access1.dat
0.0742104
0.0742002
0.0741997
0.0741997
0.0741997
0.0741997
0.0741997
./data/kw/\7-access1.dat
0.0584612
0.0583985
0.0583985
0.0583985
0.0583985
0.0583985
0.0583985
./data/kw/\8-access1.dat
0.0469631
0.0469226
0.0469031
0.0469031
0.0469031
0.0469031
0.0469031
./data/kw/\9-access1.dat
0.0490835
0.0490411
0.0490411
0.0490411
0.0490411
0.0490411
0.0490411
