./data/slice/\0-access1.dat
0.893356
0.368032
0.164045
0.0866738
0.0508263
0.0409632
0.0273972
0.0182224
0.0138857
0.0117959
./data/slice/\0-access2.dat
0.892006
0.366304
0.164489
0.0866664
0.0508274
0.040674
0.0267746
0.018701
0.0134165
0.0123221
./data/slice/\0-access3.dat
0.892243
0.368929
0.163359
0.0868807
0.0524814
0.0406459
0.02741
0.0188335
0.0131059
0.0118389
./data/slice/\0-access4.dat
0.896569
0.368993
0.162566
0.0876956
0.0510508
0.04008
0.0269104
0.0182471
0.0134322
0.0121383
./data/slice/\0-access5.dat
0.893507
0.365944
0.165631
0.0854394
0.0502761
0.0403047
0.0272812
0.0181117
0.0140791
0.0121788
./data/slice/\0-access6.dat
0.893122
0.365857
0.16114
0.0853131
0.0530616
0.040542
0.0265289
0.018838
0.0132558
0.0104297
./data/slice/\0-access7.dat
0.89191
0.367417
0.162137
0.086824
0.0520006
0.0413195
0.0264217
0.0185389
0.0133947
0.011998
./data/slice/\0-access8.dat
0.895095
0.364045
0.162366
0.085219
0.0514927
0.0409321
0.0250452
0.0182733
0.0136383
0.011472
./data/slice/\0-core1.dat
0.693903
0.269842
0.11588
0.061127
0.0349074
0.0274586
0.0174585
0.0122632
0.00851421
0.00757186
./data/slice/\0-core2.dat
0.691191
0.271212
0.116139
0.0622037
0.0352204
0.0286493
0.0184295
0.0129879
0.00917259
0.00698457
./data/slice/\0-core3.dat
0.694996
0.273018
0.118813
0.0610719
0.0357892
0.0263333
0.0180098
0.0123386
0.0089022
0.00807154
./data/slice/\0-core4.dat
0.690515
0.273622
0.115477
0.0608562
0.035265
0.0265237
0.0179863
0.0122895
0.0093214
0.00786263
./data/slice/\0-merge1.dat
0.787779
0.319718
0.138571
0.0730525
0.0426664
0.0343953
0.0223347
0.0152874
0.0110427
0.00934011
./data/slice/\0-merge2.dat
0.793878
0.320622
0.139342
0.0724843
0.04283
0.0335582
0.0217997
0.0150321
0.0113349
0.00980851
./data/slice/\0-merge3.dat
0.791609
0.317492
0.136625
0.07464
0.0439836
0.0336252
0.0226473
0.0152064
0.0116705
0.0101792
./data/slice/\0-merge4.dat
0.788128
0.31702
0.14116
0.0733546
0.0426316
0.0343479
0.0233551
0.0157594
0.0108196
0.00970739
./data/slice/\0-merge5.dat
0.792358
0.31753
0.142014
0.0717887
0.0430377
0.0340621
0.0228416
0.0149966
0.0115633
0.00867084
./data/slice/\0-merge6.dat
0.793909
0.317808
0.137711
0.0723443
0.0421276
0.0343498
0.0215694
0.0150807
0.0111221
0.00948738
./data/slice/\0-merge7.dat
0.789355
0.319611
0.138609
0.072271
0.0422193
0.0332635
0.0222388
0.01529
0.0110782
0.00917677
./data/slice/\0-merge8.dat
0.792122
0.318001
0.137403
0.073563
0.0424303
0.0334926
0.0216846
0.0156132
0.0113311
0.00917619
./data/slice/\1-access1.dat
0.701915
0.276135
0.119032
0.0608222
0.0363456
0.0283688
0.0184397
0.012211
0.00911345
0.00769034
./data/slice/\1-access2.dat
0.699571
0.275679
0.116397
0.0616265
0.0350271
0.0277398
0.0180361
0.0134021
0.00856358
0.00804407
./data/slice/\1-access3.dat
0.700254
0.276727
0.118235
0.0605943
0.0367729
0.0274336
0.0185827
0.0129594
0.00878219
0.00752873
./data/slice/\1-access4.dat
0.699189
0.277875
0.117784
0.0632927
0.0363449
0.027164
0.0183468
0.0129748
0.00871
0.00808407
./data/slice/\1-access5.dat
0.697627
0.277852
0.119561
0.0605414
0.0345877
0.0268975
0.0185926
0.0126688
0.00916485
0.0077287
./data/slice/\1-access6.dat
0.70097
0.275351
0.116117
0.0604218
0.0365997
0.0282785
0.0177339
0.012695
0.00892873
0.00717643
./data/slice/\1-access7.dat
0.70104
0.275171
0.115701
0.0625613
0.0361763
0.028438
0.0176198
0.0120922
0.00927492
0.00771207
./data/slice/\1-access8.dat
0.698906
0.272613
0.117593
0.0600721
0.036024
0.0281044
0.0169116
0.0122429
0.00913482
0.00790484
./data/slice/\1-core1.dat
0.535819
0.2031
0.0833362
0.0432214
0.0236743
0.0185824
0.0120267
0.00818891
0.00572316
0.00518502
./data/slice/\1-core2.dat
0.533502
0.201237
0.081598
0.0429089
0.0239977
0.0194317
0.0125625
0.00862707
0.00606195
0.00476952
./data/slice/\1-core3.dat
0.534492
0.200047
0.0828796
0.0418658
0.0246053
0.017917
0.0127189
0.00853485
0.00631076
0.00542059
./data/slice/\1-core4.dat
0.539486
0.205825
0.0817192
0.0433318
0.0244124
0.0186614
0.0121366
0.00826885
0.00620858
0.00477362
./data/slice/\1-merge1.dat
0.616478
0.238959
0.0986676
0.0515844
0.02989
0.0233652
0.014715
0.0106334
0.00696665
0.00609872
./data/slice/\1-merge2.dat
0.622904
0.238019
0.0990381
0.0514247
0.0298964
0.0226661
0.0147884
0.0100884
0.00771921
0.00668468
./data/slice/\1-merge3.dat
0.613788
0.238718
0.098706
0.0526877
0.03008
0.0228338
0.015664
0.0103327
0.00742538
0.00698193
./data/slice/\1-merge4.dat
0.615182
0.237706
0.0997006
0.0522967
0.029291
0.023168
0.0155613
0.0112818
0.00703588
0.00620365
./data/slice/\1-merge5.dat
0.621849
0.237511
0.102629
0.05158
0.0296143
0.0226128
0.0156535
0.0103161
0.00779147
0.0058903
./data/slice/\1-merge6.dat
0.615562
0.237316
0.100038
0.0504947
0.0283251
0.0236771
0.0143632
0.010275
0.007403
0.00672277
./data/slice/\1-merge7.dat
0.613068
0.238173
0.0990255
0.0509882
0.0295487
0.022539
0.0141782
0.00984292
0.00718113
0.00628537
./data/slice/\1-merge8.dat
0.617391
0.236464
0.0996874
0.0512129
0.0281916
0.0225992
0.0148549
0.0105031
0.00751864
0.00587772
./data/slice/\2-access1.dat
1.00104
0.420476
0.191552
0.102771
0.0607901
0.0489673
0.0332597
0.0226814
0.0168585
0.0140091
./data/slice/\2-access2.dat
1.00429
0.422357
0.192464
0.102614
0.0604369
0.0497994
0.0318265
0.0230112
0.0164284
0.0147209
./data/slice/\2-access3.dat
1.00462
0.421094
0.191405
0.102238
0.0635089
0.0485611
0.0331545
0.0222791
0.0159471
0.0144252
./data/slice/\2-access4.dat
1.00909
0.422485
0.191221
0.10354
0.0613524
0.0485401
0.0327767
0.0223275
0.0160695
0.0147346
./data/slice/\2-access5.dat
1.00602
0.424799
0.195074
0.102958
0.0610588
0.0492587
0.0326991
0.0228074
0.0172973
0.0148573
./data/slice/\2-access6.dat
1.00501
0.419541
0.189029
0.101219
0.0622192
0.0494864
0.0318959
0.0232314
0.0164995
0.0130509
./data/slice/\2-access7.dat
1.00525
0.424339
0.191594
0.103604
0.0620825
0.0491436
0.0320386
0.0226395
0.0167398
0.0147021
./data/slice/\2-access8.dat
1.00664
0.419134
0.189831
0.103269
0.0617115
0.0499888
0.0308319
0.0235254
0.0161558
0.0140471
./data/slice/\2-core1.dat
0.787476
0.317457
0.137251
0.0734646
0.0426452
0.0330072
0.0224508
0.0151816
0.0103311
0.00941424
./data/slice/\2-core2.dat
0.779581
0.316821
0.137155
0.0739791
0.0422301
0.0342579
0.0221082
0.0152669
0.0115346
0.0089565
./data/slice/\2-core3.dat
0.786523
0.317051
0.139728
0.0729023
0.0438738
0.0323286
0.0218842
0.0152604
0.0109375
0.00960378
./data/slice/\2-core4.dat
0.7793
0.315895
0.135891
0.0732023
0.0422876
0.0334336
0.0212199
0.0151937
0.0109222
0.00954383
./data/slice/\2-merge1.dat
0.88898
0.369236
0.162368
0.0857134
0.0512891
0.0415536
0.0273666
0.0185192
0.0134263
0.0115964
./data/slice/\2-merge2.dat
0.893937
0.370278
0.162369
0.0850714
0.0517887
0.0403598
0.0261904
0.0183228
0.0139384
0.0117632
./data/slice/\2-merge3.dat
0.889158
0.366601
0.161987
0.0885098
0.0522992
0.0400066
0.0273766
0.0187351
0.014096
0.0118493
./data/slice/\2-merge4.dat
0.889161
0.367102
0.164338
0.0868723
0.0524524
0.0417035
0.0277168
0.0193484
0.0130687
0.0116944
./data/slice/\2-merge5.dat
0.894234
0.365597
0.16673
0.0856442
0.0515604
0.0407513
0.0276476
0.0186401
0.0140097
0.0115062
./data/slice/\2-merge6.dat
0.889192
0.36629
0.162311
0.0875094
0.051796
0.0413187
0.0266053
0.0183564
0.0134929
0.011689
./data/slice/\2-merge7.dat
0.892043
0.369594
0.162841
0.0869786
0.0510718
0.0411568
0.0273587
0.0191456
0.0135221
0.0115531
./data/slice/\2-merge8.dat
0.891719
0.368677
0.162172
0.0877152
0.0506499
0.0402289
0.0270063
0.0190416
0.013498
0.0110854
./data/slice/\3-access1.dat
1.00326
0.42087
0.191286
0.102834
0.0610365
0.0490142
0.0327422
0.0225688
0.0166997
0.0141327
./data/slice/\3-access2.dat
1.00926
0.424241
0.192576
0.103771
0.061331
0.0496931
0.0315931
0.023003
0.0163839
0.0149521
./data/slice/\3-access3.dat
1.0063
0.42293
0.190883
0.103005
0.0631434
0.0487951
0.0334682
0.0224324
0.0162827
0.014269
./data/slice/\3-access4.dat
1.00797
0.425409
0.191441
0.104109
0.0618084
0.048629
0.032678
0.0224276
0.016111
0.0147247
./data/slice/\3-access5.dat
1.00438
0.420636
0.193853
0.102581
0.0613576
0.0486597
0.0328056
0.0224244
0.0169527
0.0146067
./data/slice/\3-access6.dat
1.00842
0.422194
0.188843
0.101803
0.0624499
0.0491019
0.0315242
0.0226774
0.0162533
0.0132476
./data/slice/\3-access7.dat
1.00305
0.424147
0.191318
0.103031
0.061979
0.0487392
0.0323995
0.022578
0.0168412
0.0146292
./data/slice/\3-access8.dat
1.00904
0.421859
0.189771
0.102432
0.0618007
0.0491789
0.0308544
0.0230259
0.0162624
0.0140965
./data/slice/\3-core1.dat
0.786626
0.31419
0.138196
0.0730213
0.042715
0.0332327
0.0224219
0.0151403
0.0104572
0.00935779
./data/slice/\3-core2.dat
0.783179
0.318268
0.137126
0.0750292
0.0433063
0.0347191
0.022292
0.0154886
0.0114324
0.00863187
./data/slice/\3-core3.dat
0.782862
0.315884
0.139292
0.0728807
0.0434289
0.032086
0.0219111
0.0151155
0.0112218
0.00945335
./data/slice/\3-core4.dat
0.781461
0.317247
0.135372
0.0726646
0.0424024
0.0330365
0.021359
0.014768
0.0108843
0.00950493
./data/slice/\3-merge1.dat
0.893242
0.370765
0.16277
0.0864731
0.0520813
0.0419057
0.0273149
0.0183509
0.0135714
0.0115746
./data/slice/\3-merge2.dat
0.894059
0.368752
0.165221
0.0860561
0.0518383
0.0409912
0.0258594
0.0187589
0.0137984
0.0120663
./data/slice/\3-merge3.dat
0.893378
0.366619
0.161649
0.089752
0.0523803
0.04033
0.0274956
0.0187313
0.0139523
0.0119871
./data/slice/\3-merge4.dat
0.888528
0.365538
0.164611
0.0873608
0.0516759
0.0413819
0.0278779
0.0196659
0.0132791
0.0115183
./data/slice/\3-merge5.dat
0.894899
0.366254
0.167143
0.086909
0.0518964
0.0414637
0.0277902
0.0186681
0.014171
0.011105
./data/slice/\3-merge6.dat
0.89003
0.365272
0.161759
0.0872283
0.0514838
0.0413417
0.0258598
0.0184775
0.0134826
0.0118524
./data/slice/\3-merge7.dat
0.892626
0.371208
0.162655
0.087288
0.0509038
0.0409262
0.0274014
0.0190247
0.0134727
0.0114587
./data/slice/\3-merge8.dat
0.891537
0.36746
0.161137
0.0870718
0.0501822
0.0403926
0.0273392
0.0187634
0.0136304
0.010927
./data/slice/\4-access1.dat
0.691621
0.270649
0.116593
0.0598129
0.0349859
0.0269545
0.0177063
0.0121403
0.00870883
0.00769553
./data/slice/\4-access2.dat
0.691911
0.269321
0.114831
0.0596444
0.0344758
0.0271566
0.0180132
0.0129093
0.0084761
0.00789424
./data/slice/\4-access3.dat
0.689681
0.270703
0.113974
0.0591612
0.0353757
0.0269877
0.018285
0.0121938
0.00867957
0.00741515
./data/slice/\4-access4.dat
0.688509
0.270388
0.114139
0.0604276
0.0354228
0.0265741
0.0179135
0.0125036
0.00866655
0.00751785
./data/slice/\4-access5.dat
0.69224
0.272705
0.11649
0.0586194
0.0335736
0.0262426
0.0180101
0.0121454
0.00916244
0.00742073
./data/slice/\4-access6.dat
0.693248
0.270802
0.113457
0.0589574
0.0351964
0.0271384
0.0169801
0.0119092
0.00888926
0.00701894
./data/slice/\4-access7.dat
0.693051
0.272052
0.114963
0.0605692
0.0352696
0.0275579
0.0176039
0.0120618
0.00899048
0.00751311
./data/slice/\4-access8.dat
0.691181
0.266567
0.113241
0.0582536
0.0353291
0.027727
0.0163155
0.0117054
0.00894758
0.00768582
./data/slice/\4-core1.dat
0.5296
0.196755
0.081242
0.0415581
0.0230426
0.0186088
0.0117683
0.00827774
0.00563458
0.00475879
./data/slice/\4-core2.dat
0.525933
0.19651
0.0805615
0.0419402
0.0237874
0.0186683
0.0120838
0.00821726
0.00591895
0.00487567
./data/slice/\4-core3.dat
0.527607
0.196316
0.0815052
0.0409945
0.0233651
0.0174877
0.0117962
0.00819217
0.00625223
0.00520707
./data/slice/\4-core4.dat
0.528818
0.199684
0.0799398
0.0412163
0.0234486
0.0175272
0.0118249
0.00780679
0.00617067
0.00491594
./data/slice/\4-merge1.dat
0.608857
0.234094
0.0977198
0.0491982
0.0298525
0.0223494
0.0144256
0.00991736
0.00672132
0.0061742
./data/slice/\4-merge2.dat
0.615103
0.231451
0.0965769
0.0503381
0.0292223
0.0219236
0.0139936
0.00984111
0.00757917
0.00660661
./data/slice/\4-merge3.dat
0.606362
0.232448
0.0954782
0.0506571
0.0292824
0.0214793
0.0147499
0.00969487
0.00702911
0.00682425
./data/slice/\4-merge4.dat
0.602207
0.233333
0.0977866
0.0499734
0.0280117
0.0224966
0.0148294
0.0105756
0.00694926
0.00597992
./data/slice/\4-merge5.dat
0.607503
0.232609
0.0990522
0.0493031
0.0290629
0.0222662
0.0145016
0.00987896
0.00758375
0.0055386
./data/slice/\4-merge6.dat
0.609787
0.232069
0.0976924
0.0496416
0.0279697
0.0229642
0.0139145
0.00993603
0.00755607
0.0063914
./data/slice/\4-merge7.dat
0.603976
0.232588
0.0952855
0.0500326
0.0285471
0.0222222
0.0143657
0.0095476
0.00706438
0.00624192
./data/slice/\4-merge8.dat
0.60705
0.232112
0.0952844
0.0500594
0.0283077
0.0222886
0.0141318
0.0100552
0.00746606
0.00613456
./data/slice/\5-access1.dat
0.778197
0.309053
0.135867
0.0703261
0.0416194
0.0331854
0.021516
0.0146514
0.011241
0.00944243
./data/slice/\5-access2.dat
0.773381
0.311453
0.133754
0.0708693
0.04065
0.0327879
0.0208747
0.0154079
0.010034
0.00923191
./data/slice/\5-access3.dat
0.777703
0.31104
0.135239
0.0701728
0.0421434
0.0318238
0.0221013
0.0148392
0.0109972
0.00937492
./data/slice/\5-access4.dat
0.770603
0.310067
0.134926
0.0724478
0.041842
0.0314597
0.0214519
0.014756
0.0107078
0.00925394
./data/slice/\5-access5.dat
0.772035
0.309858
0.137223
0.0695307
0.0405763
0.0311935
0.0213184
0.0142674
0.0109615
0.00909536
./data/slice/\5-access6.dat
0.778675
0.310767
0.134011
0.0700491
0.0416195
0.0328836
0.0211151
0.0148601
0.0106303
0.0086803
./data/slice/\5-access7.dat
0.77402
0.312842
0.134138
0.0703707
0.0425402
0.0332633
0.0212797
0.0148358
0.0106848
0.00905244
./data/slice/\5-access8.dat
0.774079
0.305683
0.131668
0.0699262
0.0415558
0.0328668
0.0198218
0.0141474
0.0104767
0.0091491
./data/slice/\5-core1.dat
0.596534
0.229217
0.0959878
0.0489004
0.0281867
0.0218843
0.0141657
0.00981191
0.00663609
0.00582997
./data/slice/\5-core2.dat
0.595241
0.226936
0.0948869
0.0502034
0.0281514
0.0228552
0.0143564
0.0100596
0.00740356
0.00568195
./data/slice/\5-core3.dat
0.599249
0.228229
0.0966083
0.0490094
0.0294396
0.0208915
0.0145596
0.00973629
0.00736217
0.00621263
./data/slice/\5-core4.dat
0.593852
0.231554
0.0937335
0.0496688
0.0280853
0.0212949
0.0143033
0.00940421
0.00712736
0.00573475
./data/slice/\5-merge1.dat
0.684297
0.269019
0.113731
0.0592031
0.0350878
0.0276455
0.0172618
0.0123081
0.00862247
0.00743918
./data/slice/\5-merge2.dat
0.684605
0.269025
0.114932
0.058191
0.0350718
0.02673
0.0166903
0.0116981
0.00889682
0.00768108
./data/slice/\5-merge3.dat
0.683652
0.269719
0.111727
0.0611485
0.0355517
0.0262573
0.0177857
0.0119057
0.00919421
0.0081653
./data/slice/\5-merge4.dat
0.682794
0.268566
0.115334
0.0598672
0.0340479
0.0267577
0.0183812
0.0130336
0.00856978
0.00760279
./data/slice/\5-merge5.dat
0.68574
0.266757
0.115806
0.0585753
0.0346954
0.0272467
0.0178171
0.012219
0.00909601
0.00697212
./data/slice/\5-merge6.dat
0.684498
0.266432
0.114216
0.0582685
0.0335833
0.0273356
0.0170124
0.0118259
0.00903637
0.00737992
./data/slice/\5-merge7.dat
0.678049
0.269166
0.113222
0.0588348
0.0339061
0.0262971
0.0172334
0.0119079
0.00842229
0.00757445
./data/slice/\5-merge8.dat
0.682175
0.270463
0.113279
0.0592166
0.0339466
0.0264827
0.0171988
0.0122372
0.00928423
0.00733037
./data/slice/\6-access1.dat
1.09764
0.467999
0.21667
0.116763
0.0710658
0.056924
0.0383709
0.0260792
0.0195126
0.0164332
./data/slice/\6-access2.dat
1.10048
0.468047
0.216586
0.117828
0.0699777
0.0564207
0.0372576
0.0267348
0.0188217
0.0174939
./data/slice/\6-access3.dat
1.10245
0.471369
0.215853
0.116882
0.072732
0.0562878
0.0387888
0.0264275
0.0188056
0.0171201
./data/slice/\6-access4.dat
1.10919
0.471292
0.216289
0.117554
0.0705802
0.0560611
0.0382157
0.0266163
0.0191034
0.0171151
./data/slice/\6-access5.dat
1.099
0.46939
0.218055
0.116615
0.0700223
0.0564393
0.0388346
0.0265337
0.0199
0.0169813
./data/slice/\6-access6.dat
1.1035
0.467418
0.213757
0.11715
0.0717459
0.0576845
0.0372932
0.0262486
0.0186161
0.0155093
./data/slice/\6-access7.dat
1.0998
0.470496
0.217259
0.116994
0.0716335
0.0560413
0.0367106
0.0270669
0.0197682
0.0174764
./data/slice/\6-access8.dat
1.10266
0.466668
0.215963
0.117605
0.07084
0.0573499
0.0362961
0.0267955
0.018827
0.0165608
./data/slice/\6-core1.dat
0.865388
0.353574
0.15639
0.0832228
0.048801
0.0385164
0.0257081
0.0174927
0.0125955
0.0108094
./data/slice/\6-core2.dat
0.85696
0.351565
0.155241
0.0851481
0.0492337
0.0396781
0.0254213
0.0186579
0.0130014
0.0103918
./data/slice/\6-core3.dat
0.864025
0.354205
0.157097
0.0830284
0.0499503
0.0379093
0.0256066
0.0181226
0.0127679
0.0113492
./data/slice/\6-core4.dat
0.862164
0.355121
0.15698
0.0833977
0.0495522
0.0382574
0.0252654
0.0174792
0.0130136
0.0110796
./data/slice/\6-merge1.dat
0.977972
0.41176
0.183888
0.0990364
0.0594826
0.0481675
0.0316877
0.021601
0.0160926
0.0134733
./data/slice/\6-merge2.dat
0.983223
0.411178
0.18582
0.0993106
0.0604558
0.046875
0.0310498
0.0225856
0.0162226
0.0136224
./data/slice/\6-merge3.dat
0.980052
0.407384
0.183698
0.100351
0.0602178
0.0467747
0.0317984
0.0219748
0.0164894
0.0139272
./data/slice/\6-merge4.dat
0.979445
0.410951
0.18766
0.100979
0.0594154
0.0466369
0.0322765
0.0229717
0.0154229
0.0139531
./data/slice/\6-merge5.dat
0.978926
0.40912
0.186125
0.0989484
0.0591292
0.0477657
0.0319339
0.0212739
0.0162037
0.0131405
./data/slice/\6-merge6.dat
0.980201
0.409673
0.18487
0.0998357
0.0590079
0.0479403
0.0307154
0.0222743
0.0155139
0.0140635
./data/slice/\6-merge7.dat
0.977897
0.412043
0.184742
0.099224
0.0582545
0.0475354
0.031603
0.0219806
0.0157091
0.0135807
./data/slice/\6-merge8.dat
0.980523
0.410387
0.185123
0.099379
0.0589791
0.0470643
0.0312975
0.0217493
0.015882
0.0133833
./data/slice/\7-access1.dat
0.949569
0.393934
0.178212
0.0950045
0.055342
0.044901
0.0297794
0.0201034
0.015357
0.0128523
./data/slice/\7-access2.dat
0.94989
0.394637
0.177308
0.0961459
0.0559317
0.0454275
0.0293934
0.020953
0.0149061
0.0135087
./data/slice/\7-access3.dat
0.94306
0.3947
0.176286
0.095314
0.0575274
0.0444786
0.0307077
0.0202183
0.0145488
0.0127645
./data/slice/\7-access4.dat
0.948312
0.394293
0.17587
0.0959377
0.0558894
0.044274
0.0295163
0.0201269
0.0149142
0.0133622
./data/slice/\7-access5.dat
0.945892
0.395042
0.179139
0.0935789
0.0554851
0.0441317
0.0306024
0.0198797
0.0158169
0.0130052
./data/slice/\7-access6.dat
0.948184
0.39299
0.174963
0.0931146
0.056718
0.045497
0.029201
0.021063
0.0144334
0.0119243
./data/slice/\7-access7.dat
0.948648
0.394045
0.175721
0.0943467
0.0563794
0.0444847
0.0289453
0.0205
0.0149844
0.0130261
./data/slice/\7-access8.dat
0.946766
0.389307
0.175928
0.0943322
0.0563116
0.0443946
0.0277882
0.0208143
0.0148828
0.0126484
./data/slice/\7-core1.dat
0.739335
0.292612
0.127661
0.0673545
0.0395664
0.0303805
0.0204833
0.0137372
0.00940328
0.00866452
./data/slice/\7-core2.dat
0.733182
0.293054
0.125593
0.0677159
0.0384843
0.0313546
0.0200303
0.0137843
0.0103036
0.00783074
./data/slice/\7-core3.dat
0.741127
0.292656
0.128099
0.0663328
0.0392936
0.0284443
0.0200298
0.0135338
0.0100506
0.00869244
./data/slice/\7-core4.dat
0.730588
0.295137
0.125126
0.066998
0.0391486
0.0300342
0.0192051
0.0134278
0.0100842
0.00868091
./data/slice/\7-merge1.dat
0.837289
0.344848
0.151136
0.0803024
0.0464783
0.0376197
0.0249025
0.0167993
0.0121244
0.0103058
./data/slice/\7-merge2.dat
0.843169
0.343442
0.151376
0.0801766
0.0472125
0.0372694
0.0241456
0.0168994
0.0125921
0.0107327
./data/slice/\7-merge3.dat
0.836455
0.340252
0.147619
0.0816376
0.0478354
0.0361823
0.0250715
0.0168989
0.0126019
0.0108095
./data/slice/\7-merge4.dat
0.837995
0.342179
0.152701
0.0803311
0.047018
0.0379522
0.0254751
0.0180006
0.0120417
0.0109062
./data/slice/\7-merge5.dat
0.841531
0.341234
0.153998
0.079426
0.0475651
0.03811
0.0253353
0.0169702
0.0124979
0.0099948
./data/slice/\7-merge6.dat
0.837783
0.340922
0.148911
0.0790543
0.0465433
0.0373225
0.024212
0.0164509
0.0120645
0.0106165
./data/slice/\7-merge7.dat
0.837567
0.342246
0.149853
0.0791028
0.0460216
0.0366574
0.0244606
0.0172838
0.011965
0.00998278
./data/slice/\7-merge8.dat
0.840332
0.341716
0.148989
0.0792055
0.0469224
0.0367491
0.0243994
0.0171219
0.0122111
0.00987153
./data/slice/\8-access1.dat
0.813909
0.32902
0.144714
0.0762056
0.044609
0.0353834
0.0230685
0.0157412
0.0119331
0.0101316
./data/slice/\8-access2.dat
0.814616
0.327225
0.145195
0.0755552
0.0437685
0.0351831
0.0229613
0.0164503
0.0114377
0.0104547
./data/slice/\8-access3.dat
0.811836
0.327618
0.144577
0.0754873
0.0453766
0.0345861
0.0235827
0.0159618
0.011356
0.0100466
./data/slice/\8-access4.dat
0.808623
0.328724
0.143288
0.0770527
0.04466
0.0344454
0.0235907
0.0157944
0.0116516
0.00979118
./data/slice/\8-access5.dat
0.811135
0.329624
0.147015
0.0740626
0.0439351
0.0343659
0.0228061
0.0154014
0.0120791
0.0101504
./data/slice/\8-access6.dat
0.81008
0.329451
0.143226
0.0749364
0.0468562
0.0355777
0.0230007
0.0161411
0.0114156
0.00948146
./data/slice/\8-access7.dat
0.809328
0.330515
0.143327
0.0762003
0.0452334
0.035301
0.0231662
0.015703
0.0115893
0.0101744
./data/slice/\8-access8.dat
0.811935
0.326287
0.142077
0.0739771
0.0448726
0.0356389
0.0210569
0.0157304
0.0116322
0.0101358
./data/slice/\8-core1.dat
0.626298
0.242221
0.102045
0.0535001
0.0305952
0.0234993
0.0154455
0.0102228
0.00718862
0.00636676
./data/slice/\8-core2.dat
0.625861
0.242523
0.101724
0.0543776
0.0298592
0.0247686
0.0155461
0.0109577
0.00788532
0.00609783
./data/slice/\8-core3.dat
0.630818
0.242073
0.103097
0.052738
0.0313069
0.0225587
0.0154141
0.0100688
0.00805022
0.00671235
./data/slice/\8-core4.dat
0.625307
0.243639
0.100865
0.0530989
0.0302075
0.0230066
0.0153322
0.0102713
0.00810697
0.00633003
./data/slice/\8-merge1.dat
0.716306
0.285124
0.122228
0.0638058
0.0371257
0.030263
0.018767
0.0133241
0.00930239
0.00808832
./data/slice/\8-merge2.dat
0.720067
0.285316
0.123055
0.0629053
0.0378664
0.0291748
0.0181899
0.0127469
0.00970063
0.00830681
./data/slice/\8-merge3.dat
0.716828
0.283733
0.119759
0.0650846
0.0378102
0.0286089
0.0192676
0.0130429
0.010101
0.0087424
./data/slice/\8-merge4.dat
0.715509
0.283456
0.123771
0.0644108
0.0364708
0.0288898
0.0197101
0.0138113
0.00939039
0.00816405
./data/slice/\8-merge5.dat
0.718382
0.284473
0.124782
0.0630583
0.0369114
0.0297202
0.0189291
0.0131668
0.00980831
0.00730446
./data/slice/\8-merge6.dat
0.720852
0.282591
0.121537
0.062869
0.0368786
0.0292018
0.0182957
0.012699
0.00973229
0.00819311
./data/slice/\8-merge7.dat
0.71473
0.286169
0.121361
0.0625567
0.036277
0.0282544
0.0186685
0.0129757
0.00918379
0.00817311
./data/slice/\8-merge8.dat
0.716195
0.285849
0.121072
0.0629965
0.0370147
0.0283927
0.018831
0.0132309
0.00962599
0.00792328
./data/slice/\9-access1.dat
0.838237
0.342734
0.150518
0.0795479
0.0464693
0.0372868
0.0249223
0.0166455
0.0121581
0.0108349
./data/slice/\9-access2.dat
0.843197
0.342538
0.150951
0.0794329
0.0465472
0.0376291
0.0237987
0.0170277
0.0119515
0.0107874
./data/slice/\9-access3.dat
0.841324
0.343789
0.149874
0.0796437
0.0475723
0.0370536
0.0250796
0.0171419
0.0119574
0.0101991
./data/slice/\9-access4.dat
0.838833
0.342919
0.151008
0.0810826
0.0466727
0.036473
0.0243312
0.0171464
0.0122555
0.0108362
./data/slice/\9-access5.dat
0.840837
0.342188
0.153406
0.0787899
0.0459184
0.0363185
0.0241852
0.0166759
0.0129287
0.0109148
./data/slice/\9-access6.dat
0.841039
0.34067
0.149689
0.0785928
0.0480169
0.0370335
0.0236564
0.0168376
0.0119029
0.00995509
./data/slice/\9-access7.dat
0.83929
0.343994
0.150159
0.0798266
0.0475396
0.0376647
0.0242845
0.0166773
0.0121163
0.0107668
./data/slice/\9-access8.dat
0.837045
0.337541
0.148698
0.0785505
0.046747
0.0368787
0.022388
0.0166529
0.0122053
0.0104062
./data/slice/\9-core1.dat
0.649795
0.251879
0.106882
0.0563775
0.032134
0.0248445
0.0161816
0.0110783
0.00754813
0.00663656
./data/slice/\9-core2.dat
0.645635
0.252436
0.107137
0.0576438
0.0318506
0.0259416
0.0162258
0.0116693
0.0085787
0.00656679
./data/slice/\9-core3.dat
0.651924
0.251757
0.109511
0.0557525
0.0330498
0.0239244
0.0164119
0.0110911
0.00864519
0.00724692
./data/slice/\9-core4.dat
0.650744
0.252112
0.106564
0.0559764
0.0319102
0.0241921
0.0159575
0.0110248
0.0086995
0.00686857
./data/slice/\9-merge1.dat
0.741472
0.29768
0.126692
0.0682682
0.0392905
0.0313864
0.0202416
0.0136275
0.00974864
0.00837294
./data/slice/\9-merge2.dat
0.747986
0.297993
0.129132
0.0666129
0.0394704
0.0309858
0.0194704
0.0136244
0.0101816
0.00917472
./data/slice/\9-merge3.dat
0.739686
0.293842
0.126746
0.0683086
0.0401039
0.0307144
0.0202532
0.0138344
0.0103222
0.00935874
./data/slice/\9-merge4.dat
0.743822
0.294762
0.128829
0.0680929
0.0383763
0.0306151
0.0208341
0.0148256
0.00984115
0.00860423
./data/slice/\9-merge5.dat
0.741378
0.295072
0.129738
0.0661509
0.0390231
0.0306501
0.0199153
0.0135039
0.0102932
0.007991
./data/slice/\9-merge6.dat
0.745829
0.295291
0.126966
0.0664054
0.0389152
0.0312513
0.0194933
0.0137952
0.0105297
0.00880184
./data/slice/\9-merge7.dat
0.741578
0.296673
0.127062
0.0666316
0.0383172
0.030338
0.0199568
0.0137538
0.00958391
0.00854709
./data/slice/\9-merge8.dat
0.744322
0.294832
0.126811
0.0675393
0.0394286
0.030101
0.0203299
0.0142304
0.010543
0.00862222
