ARE 600KB
0.219769  0.0473026  0.00376221  0.234671  0.216007
0.252816  0.0501908  0.00399192  0.270325  0.248824
0.3143  0.291011  0.0231456  0.316312  0.291154
0.388219  0.293635  0.0233542  0.396392  0.364865
0.420914  0.295124  0.0234727  0.431783  0.397441
0.441244  0.297807  0.0236861  0.453638  0.417558

ARE 200KB
2.40397  0.337247  0.0268229  2.58255  2.37714
2.6308  0.3489  0.0277497  2.82798  2.60305
4.53651  0.38265  0.0304341  4.89544  4.50608
4.97955  0.469121  0.0373115  5.36928  4.94224
5.2895  0.476619  0.0379079  5.70536  5.25159
5.5769  0.51905  0.0412827  6.01393  5.53561

第一列是ARE，使用16bit计数，CM Sketch为一行hash


3行 8bit drop

0.905651  0.21646  0.0172162  0.965203  0.888435
0.375453  0.0914781  0.00727571  0.399991  0.368178
0.169131  0.0416679  0.00331405  0.180145  0.165817
0.0895416  0.0241752  0.00192278  0.0951897  0.0876188
0.0528045  0.0135532  0.00107795  0.0561961  0.0517266
0.0428586  0.0111141  0.000883956  0.0456015  0.0419746
0.0286038  0.00725499  0.000577026  0.0304485  0.0280268
0.0189919  0.00492685  0.000391857  0.0202072  0.0186
0.0144451  0.00365046  0.000290339  0.0153778  0.0141547
0.0123742  0.00231617  0.000184217  0.0132432  0.0121899

0.911718  0.220041  0.017501  0.971485  0.894218
0.377386  0.0952683  0.00757716  0.401763  0.369809
0.170369  0.0446928  0.00355464  0.181228  0.166814
0.0899226  0.0271595  0.00216013  0.0953458  0.0877625
0.0531656  0.0165876  0.00131929  0.0563262  0.0518463
0.0431538  0.0142238  0.00113129  0.0456535  0.0420225
0.0288771  0.01024  0.000814437  0.0304875  0.0280627
0.0192421  0.00792293  0.00063015  0.0202202  0.018612
0.0147304  0.00663545  0.00052775  0.0154298  0.0142026
0.0126714  0.00530082  0.000421601  0.0133083  0.0122498

0.918779  0.224181  0.0178302  0.978797  0.900948
0.379126  0.097384  0.00774544  0.403471  0.371381
0.170888  0.0464732  0.00369625  0.181638  0.167192
0.0902721  0.0288059  0.00229108  0.0955832  0.087981
0.0534103  0.0182346  0.00145029  0.0564498  0.0519601
0.0433626  0.0159458  0.00126825  0.0457316  0.0420943
0.0290441  0.0118875  0.000945472  0.0305265  0.0280986
0.0194091  0.00957006  0.000761154  0.0202592  0.0186479
0.0149093  0.00828296  0.000658785  0.0154819  0.0142505
0.0128384  0.00694834  0.000552636  0.0133473  0.0122857

0.926962  0.227693  0.0181095  0.987385  0.908853
0.381829  0.099024  0.00787588  0.406265  0.373953
0.171914  0.0476134  0.00378693  0.182655  0.168127
0.0906884  0.0299016  0.00237822  0.0959409  0.0883102
0.0535913  0.019275  0.00153304  0.0565564  0.0520582
0.0435548  0.0169858  0.00135096  0.0458505  0.0422038
0.0291508  0.0129279  0.00102822  0.0305525  0.0281226
0.0195936  0.0106858  0.000849892  0.0203633  0.0187437
0.01504  0.00932339  0.000741536  0.0155339  0.0142984
0.0129463  0.00800382  0.000636584  0.0133733  0.0123097

0.937375  0.231511  0.0184132  0.998367  0.918962
0.384473  0.102103  0.00812075  0.408872  0.376352
0.17292  0.0504871  0.00401549  0.183499  0.168904
0.0913247  0.0324314  0.00257943  0.0964135  0.0887452
0.0539132  0.0216666  0.00172325  0.0566995  0.0521899
0.0438769  0.0193801  0.0015414  0.0459936  0.0423355
0.0294752  0.0153508  0.00122092  0.0306956  0.0282543
0.0198302  0.0130586  0.00103861  0.0204153  0.0187916
0.0152646  0.0116961  0.000930252  0.0155729  0.0143343
0.0131649  0.0103766  0.000825305  0.0134058  0.0123396

0.948962  0.235768  0.0187518  1.01059  0.93021
0.387882  0.105197  0.00836682  0.412308  0.379515
0.174093  0.0527995  0.0041994  0.184574  0.169894
0.0919187  0.0349822  0.00278231  0.0968384  0.0891363
0.0542815  0.0238883  0.00189996  0.0569076  0.0523815
0.0441732  0.0215252  0.001712  0.0461302  0.0424612
0.0296817  0.0174963  0.00139157  0.0307346  0.0282902
0.0200367  0.015204  0.00120925  0.0204543  0.0188275
0.0154352  0.0138417  0.0011009  0.0155729  0.0143343
0.0133475  0.012522  0.000995937  0.0134188  0.0123516

3行 8bit no drop

0.899898  0.21442  0.0170539  0.959129  0.882844
0.374511  0.0914166  0.00727082  0.398973  0.367241
0.168855  0.0416679  0.00331405  0.179845  0.165541
0.0894338  0.0241752  0.00192278  0.0950726  0.087511
0.0527776  0.0135532  0.00107795  0.0561669  0.0516996
0.0428466  0.0111141  0.000883956  0.0455885  0.0419626
0.0285798  0.00725499  0.000577026  0.0304225  0.0280028
0.0189919  0.00492685  0.000391857  0.0202072  0.0186
0.0144451  0.00365046  0.000290339  0.0153778  0.0141547
0.0123742  0.00231617  0.000184217  0.0132432  0.0121899

10.6871  2.62654  0.208902  11.3836  10.4782
6.50084  1.59272  0.126677  6.92494  6.37416
4.48294  1.10244  0.0876825  4.77504  4.39526
3.35567  0.820905  0.0652907  3.57469  3.29038
2.6231  0.633982  0.0504238  2.79498  2.57268
2.10601  0.51712  0.0411291  2.24331  2.06488
1.73869  0.428229  0.0340592  1.85193  1.70464
1.46645  0.360149  0.0286444  1.56205  1.43781
1.25319  0.305009  0.0242589  1.33512  1.22893
1.07777  0.266495  0.0211957  1.14788  1.05658
0.908684  0.21976  0.0174786  0.968212  0.891206
0.376966  0.0952194  0.00757327  0.401311  0.369393
0.170237  0.0446928  0.00355464  0.181085  0.166683
0.0898627  0.0271595  0.00216013  0.0952808  0.0877026
0.0531626  0.0165876  0.00131929  0.056323  0.0518433
0.0431418  0.0142238  0.00113129  0.0456405  0.0420105
0.0288771  0.01024  0.000814437  0.0304875  0.0280627
0.0192421  0.00792293  0.00063015  0.0202202  0.018612
0.0147304  0.00663545  0.00052775  0.0154298  0.0142026
0.0126714  0.00530082  0.000421601  0.0133083  0.0122498

10.9815  2.69332  0.214214  11.6976  10.7672
6.64767  1.63191  0.129794  7.08107  6.51788
4.57264  1.12808  0.0897221  4.87027  4.48291
3.41624  0.838895  0.0667215  3.63894  3.34952
2.66327  0.645713  0.0513568  2.8376  2.61191
2.13534  0.525435  0.0417905  2.27444  2.09355
1.76152  0.435915  0.0346705  1.87606  1.72685
1.48347  0.365621  0.0290797  1.58006  1.45439
1.26663  0.311113  0.0247443  1.3492  1.24189
1.0884  0.270544  0.0215177  1.15907  1.06688
0.917493  0.224076  0.0178219  0.97741  0.899672
0.37903  0.097384  0.00774544  0.403367  0.371285
0.170852  0.0464732  0.00369625  0.181599  0.167156
0.0902601  0.0288059  0.00229108  0.0955702  0.087969
0.0534103  0.0182346  0.00145029  0.0564498  0.0519601
0.0433626  0.0159458  0.00126825  0.0457316  0.0420943
0.0290441  0.0118875  0.000945472  0.0305265  0.0280986
0.0194091  0.00957006  0.000761154  0.0202592  0.0186479
0.0149093  0.00828296  0.000658785  0.0154819  0.0142505
0.0128384  0.00694834  0.000552636  0.0133473  0.0122857

11.308  2.77257  0.220516  12.0455  11.0875
6.81115  1.67115  0.132915  7.25528  6.67823
4.66749  1.15283  0.0916902  4.97118  4.57579
3.47748  0.855051  0.0680064  3.70407  3.40947
2.70645  0.657568  0.0522997  2.88349  2.65415
2.16627  0.533559  0.0424366  2.30734  2.12383
1.78596  0.441914  0.0351476  1.90209  1.75081
1.5022  0.370828  0.0294938  1.59996  1.47271
1.28132  0.316094  0.0251405  1.36472  1.25618
1.10039  0.275195  0.0218876  1.1717  1.07851
0.926646  0.227676  0.0181082  0.987042  0.908538
0.381793  0.099024  0.00787588  0.406226  0.373917
0.171902  0.0476134  0.00378693  0.182642  0.168115
0.0906884  0.0299016  0.00237822  0.0959409  0.0883102
0.0535913  0.019275  0.00153304  0.0565564  0.0520582
0.0435548  0.0169858  0.00135096  0.0458505  0.0422038
0.0291508  0.0129279  0.00102822  0.0305525  0.0281226
0.0195936  0.0106858  0.000849892  0.0203633  0.0187437
0.01504  0.00932339  0.000741536  0.0155339  0.0142984
0.0129463  0.00800382  0.000636584  0.0133733  0.0123097

11.6646  2.86043  0.227504  12.4254  11.4371
6.99046  1.71591  0.136475  7.44622  6.85399
4.7752  1.18268  0.0940644  5.08562  4.68113
3.54765  0.876165  0.0696857  3.77849  3.47796
2.75293  0.670227  0.0533065  2.93289  2.69962
2.20109  0.545276  0.0433685  2.34417  2.15772
1.81334  0.44998  0.0357892  1.93114  1.77755
1.52277  0.377551  0.0300285  1.62172  1.49274
1.29766  0.323544  0.0257331  1.38183  1.27192
1.11332  0.280758  0.0223301  1.18526  1.09099
0.937375  0.231511  0.0184132  0.998367  0.918962
0.384473  0.102103  0.00812075  0.408872  0.376352
0.17292  0.0504871  0.00401549  0.183499  0.168904
0.0913247  0.0324314  0.00257943  0.0964135  0.0887452
0.0539132  0.0216666  0.00172325  0.0566995  0.0521899
0.0438769  0.0193801  0.0015414  0.0459936  0.0423355
0.0294752  0.0153508  0.00122092  0.0306956  0.0282543
0.0198302  0.0130586  0.00103861  0.0204153  0.0187916
0.0152646  0.0116961  0.000930252  0.0155729  0.0143343
0.0131649  0.0103766  0.000825305  0.0134058  0.0123396

12.06  2.95605  0.23511  12.8467  11.8249
7.19166  1.76237  0.14017  7.66079  7.05149
4.89059  1.2137  0.0965316  5.20831  4.79406
3.62244  0.895859  0.0712521  3.85804  3.55119
2.80799  0.685422  0.054515  2.99139  2.75347
2.23971  0.555418  0.0441751  2.38525  2.19554
1.84045  0.460353  0.0366142  1.9597  1.80384
1.54482  0.383721  0.0305192  1.64514  1.5143
1.31582  0.330977  0.0263243  1.40092  1.2895
1.12731  0.28537  0.0226969  1.20006  1.10461
0.948962  0.235768  0.0187518  1.01059  0.93021
0.387882  0.105197  0.00836682  0.412308  0.379515
0.174093  0.0527995  0.0041994  0.184574  0.169894
0.0919187  0.0349822  0.00278231  0.0968384  0.0891363
0.0542815  0.0238883  0.00189996  0.0569076  0.0523815
0.0441732  0.0215252  0.001712  0.0461302  0.0424612
0.0296817  0.0174963  0.00139157  0.0307346  0.0282902
0.0200367  0.015204  0.00120925  0.0204543  0.0188275
0.0154352  0.0138417  0.0011009  0.0155729  0.0143343
0.0133475  0.012522  0.000995937  0.0134188  0.0123516


3行 16bit
0.905664  0.215168  0.0171133  0.965328  0.888551
0.375453  0.091149  0.00724953  0.400019  0.368203
0.169071  0.0413389  0.00328788  0.180107  0.165783
0.0894813  0.0238462  0.00189661  0.0951527  0.0875847
0.0527442  0.013224  0.00105177  0.0561591  0.0516924
0.0427982  0.0107849  0.000857779  0.0455644  0.0419405
0.0285435  0.00692587  0.000550849  0.0304114  0.0279926
0.0189316  0.00459783  0.000365688  0.0201701  0.0185659
0.0143848  0.00332133  0.000264162  0.0153407  0.0141206
0.0123138  0.00198705  0.00015804  0.0132062  0.0121558

0.911565  0.216656  0.0172317  0.97161  0.894333
0.377148  0.0919573  0.00731382  0.401791  0.369835
0.170072  0.0413802  0.00329117  0.181191  0.16678
0.089625  0.0238462  0.00189661  0.0953088  0.0877284
0.0528679  0.0132742  0.00105576  0.0562891  0.0518122
0.0428561  0.0109104  0.000867756  0.0456165  0.0419884
0.0285794  0.00692587  0.000550849  0.0304504  0.0280286
0.0189445  0.00460941  0.000366609  0.0201831  0.0185779
0.0144327  0.00332133  0.000264162  0.0153928  0.0141685
0.0123737  0.00198705  0.00015804  0.0132712  0.0122157

0.918501  0.219237  0.017437  0.978923  0.901064
0.37877  0.0924285  0.0073513  0.403512  0.371418
0.170459  0.0415146  0.00330186  0.181601  0.167157
0.0898435  0.0238462  0.00189661  0.0955461  0.0879469
0.0529817  0.0132742  0.00105576  0.0564127  0.0519259
0.0429339  0.0109856  0.000873743  0.0456945  0.0420602
0.0286153  0.00692587  0.000550849  0.0304895  0.0280645
0.0189804  0.00460941  0.000366609  0.0202221  0.0186138
0.0144805  0.00332133  0.000264162  0.0154448  0.0142164
0.0124096  0.00198705  0.00015804  0.0133102  0.0122516

0.926602  0.221712  0.0176339  0.98751  0.908969
0.381389  0.0930295  0.0073991  0.406306  0.37399
0.171403  0.0416156  0.0033099  0.182618  0.168093
0.0901771  0.0239014  0.001901  0.0959038  0.0882761
0.0530799  0.0132742  0.00105576  0.0565194  0.0520241
0.0430434  0.0109856  0.000873743  0.0458134  0.0421697
0.0286393  0.00692587  0.000550849  0.0305155  0.0280884
0.0190821  0.00468468  0.000372596  0.0203262  0.0187096
0.0145284  0.00332133  0.000264162  0.0154968  0.0142643
0.0124348  0.0020021  0.000159237  0.0133362  0.0122755

0.936827  0.223163  0.0177492  0.998493  0.919078
0.383845  0.0937379  0.00745544  0.408913  0.37639
0.17222  0.0421174  0.00334981  0.183462  0.16887
0.0906247  0.0240588  0.00191352  0.0963764  0.0887111
0.0532131  0.013293  0.00105726  0.0566624  0.0521558
0.0431768  0.0110071  0.000875453  0.0459565  0.0423014
0.028775  0.00697604  0.00055484  0.0306586  0.0282201
0.01913  0.00468468  0.000372596  0.0203782  0.0187574
0.0145644  0.00332133  0.000264162  0.0155358  0.0143002
0.0124647  0.0020021  0.000159237  0.0133687  0.0123055

0.948244  0.225286  0.0179181  1.01071  0.930326
0.387084  0.0946875  0.00753097  0.412349  0.379553
0.173223  0.0422856  0.00336318  0.184537  0.16986
0.0910481  0.0244648  0.00194581  0.0968013  0.0891022
0.0534107  0.01337  0.00106338  0.0568706  0.0523474
0.0433025  0.0110071  0.000875453  0.0460931  0.0424271
0.0288109  0.00697604  0.00055484  0.0306976  0.028256
0.019166  0.00468468  0.000372596  0.0204172  0.0187934
0.0145644  0.00332133  0.000264162  0.0155358  0.0143002
0.0124767  0.0020021  0.000159237  0.0133818  0.0123174
















