
总ARE
0.0189919  0.00492685  0.000391857  0.0202072  0.0186
0.0192421  0.00792293  0.00063015  0.0202202  0.018612
0.0194091  0.00957006  0.000761154  0.0202592  0.0186479
0.0195936  0.0106858  0.000849892  0.0203633  0.0187437
0.0198302  0.0130586  0.00103861  0.0204153  0.0187916
0.0200367  0.015204  0.00120925  0.0204543  0.0188275



总ARE       大流ARE    大流ARE贡献   小流ARE    小流ARE贡献
0.0376637  0.0168155  0.00227098  0.0409189  0.0353927
0.040559   0.0194312  0.00262423  0.0438579  0.0379347
0.0437576  0.0214929  0.00290268  0.047234   0.0408549
0.0469269  0.0236591  0.00319522  0.05056    0.0437317
0.0503936  0.0262089  0.00353958  0.0541698  0.046854
0.0542815  0.0286244  0.00386581  0.0582875  0.0504156










