./data/slice/\0-access1.dat
0.00525604
0.00159238
0.00237060
0.00059864
0.00094585
0.00177197
0.00113741
0.00057469
0.00256217
0.00041905
./data/slice/\0-access2.dat
0.00426230
0.00617794
0.00207129
0.00187972
0.00237060
0.00040707
0.00174802
0.00025143
0.00180789
0.00186775
./data/slice/\0-access3.dat
0.00269390
0.00296928
0.00032327
0.00336438
0.00325663
0.00228682
0.00350806
0.00137688
0.00087402
0.00076627
./data/slice/\0-access4.dat
0.00207166
0.00659817
0.00423911
0.00280213
0.00032332
0.00129329
0.00020357
0.00079034
0.00118552
0.00188006
./data/slice/\0-access5.dat
0.00453849
0.00462231
0.00332902
0.00068257
0.00002395
0.00166451
0.00126934
0.00220338
0.00101787
0.00184413
./data/slice/\0-access6.dat
0.00507736
0.00389184
0.00140106
0.00149686
0.00227523
0.00113762
0.00202376
0.00120946
0.00094602
0.00071849
./data/slice/\0-access7.dat
0.00590363
0.00421517
0.00343680
0.00173636
0.00143699
0.00396369
0.00046702
0.00096997
0.00082627
0.00140106
./data/slice/\0-access8.dat
0.00451465
0.00086221
0.00316145
0.00000000
0.00055086
0.00007185
0.00047901
0.00101789
0.00002395
0.00177233
./data/slice/\0-core1.dat
0.00340858
0.00019557
0.00163444
0.00405118
0.00106169
0.00257041
0.00099184
0.00127123
0.00005588
0.00176017
./data/slice/\0-core2.dat
0.00085215
0.00103375
0.00111757
0.00329683
0.00110360
0.00428867
0.00050291
0.00135505
0.00145284
0.00124329
./data/slice/\0-core3.dat
0.00681726
0.00539234
0.00308733
0.00011176
0.00268220
0.00100583
0.00058673
0.00199768
0.00121537
0.00176019
./data/slice/\0-core4.dat
0.00044703
0.00173225
0.00016764
0.00104773
0.00177416
0.00092201
0.00103377
0.00163447
0.00198371
0.00131316
./data/slice/\0-merge1.dat
0.00174066
0.00165040
0.00007736
0.00318475
0.00015472
0.00083809
0.00415179
0.00146989
0.00034813
0.00108307
./data/slice/\0-merge2.dat
0.00629207
0.00417752
0.00020630
0.00033523
0.00203719
0.00170195
0.00025787
0.00118621
0.00224348
0.00012894
./data/slice/\0-merge3.dat
0.00541586
0.00056738
0.00028369
0.00403611
0.00233398
0.00039974
0.00059317
0.00056738
0.00130239
0.00092843
./data/slice/\0-merge4.dat
0.00023211
0.00128952
0.00328829
0.00186981
0.00315933
0.00081240
0.00266931
0.00256615
0.00056739
0.00205034
./data/slice/\0-merge5.dat
0.01040699
0.00072217
0.00299185
0.00065769
0.00171516
0.00108326
0.00140565
0.00002579
0.00046425
0.00216651
./data/slice/\0-merge6.dat
0.00117353
0.00176674
0.00247601
0.00202466
0.00025792
0.00059321
0.00152172
0.00041267
0.00162488
0.00317239
./data/slice/\0-merge7.dat
0.00023213
0.00023213
0.00113484
0.00425565
0.00005158
0.00239864
0.00206334
0.00196018
0.00046425
0.00032240
./data/slice/\0-merge8.dat
0.00353357
0.00107039
0.00021924
0.00299193
0.00010317
0.00058033
0.00036109
0.00104460
0.00153465
0.00058033
./data/slice/\1-access1.dat
0.00476105
0.00298950
0.00203452
0.00037369
0.00098266
0.00213140
0.00168851
0.00099650
0.00135635
0.00110722
./data/slice/\1-access2.dat
0.00638124
0.00452639
0.00096895
0.00101048
0.00304528
0.00120427
0.00149495
0.00056753
0.00059521
0.00004153
./data/slice/\1-access3.dat
0.00575826
0.00434638
0.00112120
0.00275455
0.00430486
0.00328055
0.00412491
0.00238082
0.00023531
0.00037373
./data/slice/\1-access4.dat
0.00343281
0.00822214
0.00465091
0.00366812
0.00156414
0.00038758
0.00236698
0.00109352
0.00145341
0.00191019
./data/slice/\1-access5.dat
0.00123197
0.00523241
0.00333601
0.00015227
0.00005537
0.00138424
0.00143961
0.00207635
0.00224246
0.00141192
./data/slice/\1-access6.dat
0.00346069
0.00023533
0.00143965
0.00009690
0.00116279
0.00112126
0.00300388
0.00128738
0.00051218
0.00001384
./data/slice/\1-access7.dat
0.00593854
0.00467885
0.00227021
0.00380676
0.00267165
0.00294850
0.00048450
0.00138427
0.00048450
0.00114895
./data/slice/\1-access8.dat
0.00274086
0.00206257
0.00152270
0.00048450
0.00037375
0.00120432
0.00013843
0.00081672
0.00143965
0.00196567
./data/slice/\1-core1.dat
0.00371429
0.00364969
0.00284224
0.00463479
0.00033913
0.00203479
0.00093665
0.00125963
0.00050062
0.00176025
./data/slice/\1-core2.dat
0.00045217
0.00137267
0.00127578
0.00206708
0.00142112
0.00318137
0.00146957
0.00113044
0.00138882
0.00029068
./data/slice/\1-core3.dat
0.00696037
0.00581377
0.00008075
0.00027454
0.00106586
0.00164723
0.00061368
0.00125965
0.00289073
0.00138884
./data/slice/\1-core4.dat
0.00405349
0.00227706
0.00067827
0.00169568
0.00208327
0.00035529
0.00014534
0.00182488
0.00280999
0.00101741
./data/slice/\1-merge1.dat
0.00071549
0.00219118
0.00152041
0.00217628
0.00059624
0.00113286
0.00341348
0.00113286
0.00011925
0.00053662
./data/slice/\1-merge2.dat
0.00584325
0.00034284
0.00017887
0.00022359
0.00228065
0.00076022
0.00026831
0.00178875
0.00144591
0.00031303
./data/slice/\1-merge3.dat
0.00564963
0.00293662
0.00013416
0.00278755
0.00298134
0.00022360
0.00210184
0.00099875
0.00058136
0.00137141
./data/slice/\1-merge4.dat
0.00251923
0.00302606
0.00323475
0.00210184
0.00214656
0.00049192
0.00141613
0.00251923
0.00217638
0.00149067
./data/slice/\1-merge5.dat
0.01129960
0.00059629
0.00579887
0.00260875
0.00202737
0.00259384
0.00204228
0.00067082
0.00207209
0.00321994
./data/slice/\1-merge6.dat
0.00067084
0.00304114
0.00491950
0.00149076
0.00002982
0.00081992
0.00093918
0.00008945
0.00153548
0.00268336
./data/slice/\1-merge7.dat
0.00254919
0.00149076
0.00041741
0.00287716
0.00113298
0.00314550
0.00084973
0.00183363
0.00056649
0.00090936
./data/slice/\1-merge8.dat
0.00171437
0.00070066
0.00023852
0.00348837
0.00035778
0.00122242
0.00023852
0.00010435
0.00247466
0.00071556
./data/slice/\2-access1.dat
0.00464785
0.00358040
0.00014455
0.00025574
0.00155670
0.00087842
0.00166789
0.00021127
0.00163453
0.00066716
./data/slice/\2-access2.dat
0.00548320
0.00752967
0.00144587
0.00174617
0.00150148
0.00076743
0.00232452
0.00035591
0.00220218
0.00094538
./data/slice/\2-access3.dat
0.00321425
0.00143474
0.00177952
0.00153483
0.00326986
0.00381484
0.00286947
0.00121230
0.00154596
0.00136800
./data/slice/\2-access4.dat
0.00371474
0.00371474
0.00284723
0.00194635
0.00038927
0.00153483
0.00022244
0.00151259
0.00112332
0.00136800
./data/slice/\2-access5.dat
0.00658422
0.00511611
0.00329211
0.00053386
0.00036703
0.00135688
0.00149035
0.00132352
0.00073405
0.00235786
./data/slice/\2-access6.dat
0.00825251
0.00494928
0.00239123
0.00016683
0.00243571
0.00097873
0.00054498
0.00200196
0.00043376
0.00060059
./data/slice/\2-access7.dat
0.00903105
0.00499377
0.00342557
0.00243571
0.00083415
0.00447104
0.00031142
0.00012234
0.00167942
0.00120117
./data/slice/\2-access8.dat
0.00597257
0.00183515
0.00211320
0.00030030
0.00057835
0.00098987
0.00097875
0.00074518
0.00015571
0.00166832
./data/slice/\2-core1.dat
0.00482678
0.00023355
0.00080446
0.00349033
0.00138835
0.00184248
0.00051901
0.00114182
0.00040223
0.00169975
./data/slice/\2-core2.dat
0.00153108
0.00031141
0.00167380
0.00273777
0.00077851
0.00435967
0.00019463
0.00132347
0.00138835
0.00120670
./data/slice/\2-core3.dat
0.00617620
0.00489166
0.00314000
0.00020760
0.00203711
0.00238744
0.00115479
0.00211496
0.00081744
0.00089529
./data/slice/\2-core4.dat
0.00057092
0.00167382
0.00062282
0.00329575
0.00167382
0.00009083
0.00105101
0.00098613
0.00184250
0.00105101
./data/slice/\2-merge1.dat
0.00319764
0.00492221
0.00010779
0.00350902
0.00009581
0.00141319
0.00391621
0.00111379
0.00015569
0.00073055
./data/slice/\2-merge2.dat
0.00932945
0.00422760
0.00176050
0.00004790
0.00304195
0.00138924
0.00015569
0.00110181
0.00300602
0.00071857
./data/slice/\2-merge3.dat
0.00158103
0.00017966
0.00019164
0.00311415
0.00168883
0.00088633
0.00004791
0.00075458
0.00113786
0.00122170
./data/slice/\2-merge4.dat
0.00265900
0.00099413
0.00275482
0.00154510
0.00328183
0.00111391
0.00291053
0.00204815
0.00064678
0.00168883
./data/slice/\2-merge5.dat
0.01522338
0.00330579
0.00402443
0.00055096
0.00138939
0.00118577
0.00153312
0.00083842
0.00083842
0.00299437
./data/slice/\2-merge6.dat
0.00267098
0.00294646
0.00229968
0.00271889
0.00049108
0.00032339
0.00142532
0.00019164
0.00111391
0.00220386
./data/slice/\2-merge7.dat
0.00020362
0.00063481
0.00029944
0.00331776
0.00034735
0.00315008
0.00136543
0.00112588
0.00053899
0.00061085
./data/slice/\2-merge8.dat
0.00549773
0.00027549
0.00065877
0.00286265
0.00116183
0.00209608
0.00055097
0.00058690
0.00034735
0.00049108
./data/slice/\3-access1.dat
0.00480860
0.00330938
0.00033316
0.00005553
0.00169911
0.00093285
0.00178796
0.00023321
0.00163248
0.00059969
./data/slice/\3-access2.dat
0.00490855
0.00718514
0.00107722
0.00173243
0.00158806
0.00077737
0.00225438
0.00042200
0.00216554
0.00089953
./data/slice/\3-access3.dat
0.00343150
0.00153252
0.00205446
0.00144367
0.00337598
0.00380908
0.00302061
0.00116604
0.00153252
0.00145478
./data/slice/\3-access4.dat
0.00397588
0.00358718
0.00283198
0.00198794
0.00024433
0.00152150
0.00023322
0.00165476
0.00116611
0.00139933
./data/slice/\3-access5.dat
0.00627527
0.00540895
0.00325425
0.00062197
0.00024435
0.00124395
0.00143276
0.00134391
0.00071083
0.00236572
./data/slice/\3-access6.dat
0.00854103
0.00470923
0.00229908
0.00005553
0.00231019
0.00112177
0.00056644
0.00195477
0.00039984
0.00056644
./data/slice/\3-access7.dat
0.00911868
0.00494252
0.00343200
0.00225468
0.00094408
0.00449825
0.00037763
0.00012217
0.00163270
0.00122175
./data/slice/\3-access8.dat
0.00613115
0.00206593
0.00225475
0.00036654
0.00045539
0.00103297
0.00088857
0.00082193
0.00016661
0.00177715
./data/slice/\3-core1.dat
0.00496249
0.00027209
0.00091994
0.00351132
0.00145117
0.00181396
0.00040166
0.00116612
0.00044053
0.00160665
./data/slice/\3-core2.dat
0.00174918
0.00038871
0.00180101
0.00279869
0.00063489
0.00434056
0.00023322
0.00128273
0.00145117
0.00116612
./data/slice/\3-core3.dat
0.00656914
0.00470335
0.00301896
0.00034984
0.00212493
0.00235815
0.00117908
0.00220267
0.00077741
0.00088107
./data/slice/\3-core4.dat
0.00045350
0.00185286
0.00080334
0.00323927
0.00172329
0.00010366
0.00110135
0.00115318
0.00186582
0.00108839
./data/slice/\3-merge1.dat
0.00264307
0.00487951
0.00016743
0.00355199
0.00009568
0.00150691
0.00391078
0.00107636
0.00016743
0.00069366
./data/slice/\3-merge2.dat
0.00899349
0.00444891
0.00157865
0.00011959
0.00310945
0.00148297
0.00023919
0.00125574
0.00300182
0.00059797
./data/slice/\3-merge3.dat
0.00094482
0.00020332
0.00017940
0.00314541
0.00159064
0.00089698
0.00003588
0.00070562
0.00111225
0.00126773
./data/slice/\3-merge4.dat
0.00302585
0.00100463
0.00287037
0.00136342
0.00325308
0.00104051
0.00308564
0.00204514
0.00068171
0.00175810
./data/slice/\3-merge5.dat
0.01454441
0.00331316
0.00387532
0.00080138
0.00144726
0.00125589
0.00141138
0.00083726
0.00080138
0.00284669
./data/slice/\3-merge6.dat
0.00314571
0.00278688
0.00246394
0.00273904
0.00051432
0.00032294
0.00136354
0.00009569
0.00112432
0.00232041
./data/slice/\3-merge7.dat
0.00019138
0.00072963
0.00033491
0.00324147
0.00025118
0.00308598
0.00130377
0.00132769
0.00052629
0.00069375
./data/slice/\3-merge8.dat
0.00547827
0.00065787
0.00072964
0.00278698
0.00084925
0.00226068
0.00041865
0.00058610
0.00037080
0.00051434
./data/slice/\4-access1.dat
0.00477962
0.00340008
0.00213202
0.00059919
0.00098937
0.00215989
0.00172791
0.00122626
0.00129593
0.00124019
./data/slice/\4-access2.dat
0.00678774
0.00469706
0.00059933
0.00165861
0.00285726
0.00131016
0.00133804
0.00048783
0.00055751
0.00008363
./data/slice/\4-access3.dat
0.00578446
0.00448818
0.00144960
0.00295495
0.00444636
0.00344280
0.00419547
0.00227197
0.00029271
0.00043209
./data/slice/\4-access4.dat
0.00291314
0.00797279
0.00455787
0.00359612
0.00161686
0.00032058
0.00243923
0.00094781
0.00144960
0.00196532
./data/slice/\4-access5.dat
0.00246724
0.00535266
0.00316420
0.00034848
0.00022303
0.00114302
0.00149150
0.00217452
0.00193755
0.00131029
./data/slice/\4-access6.dat
0.00469752
0.00002788
0.00111514
0.00020909
0.00132423
0.00108726
0.00288542
0.00137998
0.00044606
0.00006970
./data/slice/\4-access7.dat
0.00669083
0.00475328
0.00217452
0.00381935
0.00282966
0.00271815
0.00061333
0.00142180
0.00045999
0.00132423
./data/slice/\4-access8.dat
0.00158907
0.00197937
0.00153331
0.00078060
0.00043212
0.00144968
0.00020909
0.00068302
0.00157513
0.00179816
./data/slice/\4-core1.dat
0.00328477
0.00344738
0.00328477
0.00432548
0.00048784
0.00183752
0.00115455
0.00125211
0.00056914
0.00201639
./data/slice/\4-core2.dat
0.00042279
0.00185378
0.00180500
0.00224405
0.00128464
0.00339860
0.00133342
0.00136594
0.00144725
0.00045531
./data/slice/\4-core3.dat
0.00611422
0.00655327
0.00048784
0.00063419
0.00097567
0.00165864
0.00045531
0.00139846
0.00294328
0.00151229
./data/slice/\4-core4.dat
0.00422792
0.00177247
0.00102446
0.00226031
0.00173995
0.00043905
0.00027644
0.00169117
0.00299206
0.00130090
./data/slice/\4-merge1.dat
0.00037521
0.00255144
0.00189107
0.00253643
0.00079545
0.00138078
0.00300170
0.00127572
0.00028516
0.00046526
./data/slice/\4-merge2.dat
0.00610836
0.00054030
0.00028516
0.00030017
0.00204112
0.00055531
0.00046526
0.00210116
0.00148582
0.00033018
./data/slice/\4-merge3.dat
0.00573401
0.00345242
0.00034524
0.00283699
0.00277694
0.00003002
0.00174122
0.00133594
0.00072050
0.00120084
./data/slice/\4-merge4.dat
0.00295707
0.00348244
0.00342240
0.00222156
0.00205644
0.00112579
0.00160612
0.00261183
0.00211648
0.00156109
./data/slice/\4-merge5.dat
0.01109343
0.00060046
0.00579440
0.00235679
0.00183139
0.00289720
0.00198151
0.00070554
0.00183139
0.00310736
./data/slice/\4-merge6.dat
0.00103579
0.00267203
0.00528402
0.00187643
0.00015011
0.00088567
0.00082563
0.00018014
0.00168128
0.00282214
./data/slice/\4-merge7.dat
0.00309235
0.00108082
0.00085565
0.00274709
0.00108082
0.00315240
0.00108082
0.00168128
0.00067551
0.00111084
./data/slice/\4-merge8.dat
0.00286718
0.00036027
0.00000000
0.00324246
0.00094572
0.00121592
0.00046535
0.00037529
0.00247688
0.00103579
./data/slice/\5-access1.dat
0.00522878
0.00281650
0.00271218
0.00000000
0.00113442
0.00191678
0.00131697
0.00105619
0.00159080
0.00129089
./data/slice/\5-access2.dat
0.00689781
0.00576339
0.00166904
0.00054765
0.00275130
0.00063893
0.00221669
0.00061285
0.00116050
0.00088668
./data/slice/\5-access3.dat
0.00498096
0.00374224
0.00146039
0.00293381
0.00324675
0.00264695
0.00442028
0.00217754
0.00023471
0.00089970
./data/slice/\5-access4.dat
0.00524175
0.00777135
0.00337714
0.00421165
0.00045637
0.00005216
0.00166901
0.00002608
0.00162990
0.00136911
./data/slice/\5-access5.dat
0.00237313
0.00438116
0.00341626
0.00057372
0.00018255
0.00073019
0.00168205
0.00177333
0.00246440
0.00204715
./data/slice/\5-access6.dat
0.00203430
0.00129100
0.00080850
0.00106931
0.00093891
0.00083458
0.00294712
0.00148660
0.00084762
0.00070418
./data/slice/\5-access7.dat
0.00615505
0.00385995
0.00241247
0.00307752
0.00264719
0.00379474
0.00069114
0.00118667
0.00052161
0.00112147
./data/slice/\5-access8.dat
0.00302540
0.00255594
0.00101716
0.00053466
0.00026081
0.00089980
0.00011736
0.00112149
0.00073027
0.00131709
./data/slice/\5-core1.dat
0.00441165
0.00302731
0.00281433
0.00401613
0.00074542
0.00159732
0.00056287
0.00179509
0.00050202
0.00202328
./data/slice/\5-core2.dat
0.00258618
0.00013692
0.00080628
0.00244927
0.00114096
0.00413789
0.00164299
0.00104969
0.00152128
0.00003043
./data/slice/\5-core3.dat
0.00874738
0.00530928
0.00254054
0.00033468
0.00135394
0.00106490
0.00001521
0.00077585
0.00211458
0.00223629
./data/slice/\5-core4.dat
0.00153650
0.00200809
0.00031947
0.00220586
0.00193203
0.00053245
0.00006085
0.00133873
0.00235799
0.00109532
./data/slice/\5-merge1.dat
0.00154466
0.00241529
0.00037914
0.00273826
0.00033702
0.00101105
0.00397399
0.00112339
0.00015447
0.00064595
./data/slice/\5-merge2.dat
0.00706322
0.00230292
0.00081445
0.00008425
0.00216250
0.00050552
0.00035105
0.00155868
0.00195186
0.00028084
./data/slice/\5-merge3.dat
0.00682450
0.00199399
0.00056169
0.00403011
0.00252759
0.00030893
0.00235909
0.00106721
0.00084253
0.00117954
./data/slice/\5-merge4.dat
0.00273823
0.00058977
0.00311736
0.00315949
0.00299098
0.00037914
0.00108125
0.00287865
0.00219058
0.00157272
./data/slice/\5-merge5.dat
0.00984398
0.00143236
0.00484476
0.00235919
0.00226089
0.00160088
0.00178343
0.00018256
0.00106725
0.00262600
./data/slice/\5-merge6.dat
0.00063193
0.00153068
0.00300520
0.00151664
0.00080045
0.00004213
0.00148855
0.00026682
0.00174133
0.00195197
./data/slice/\5-merge7.dat
0.00071620
0.00140432
0.00175540
0.00254181
0.00106728
0.00296311
0.00212052
0.00193796
0.00095494
0.00102515
./data/slice/\5-merge8.dat
0.00269633
0.00110943
0.00168520
0.00307550
0.00005617
0.00077239
0.00032300
0.00011235
0.00252781
0.00009830
./data/slice/\6-access1.dat
0.00548164
0.00315037
0.00012601
0.00010501
0.00177471
0.00168020
0.00205824
0.00013652
0.00128115
0.00016802
./data/slice/\6-access2.dat
0.00463104
0.00622723
0.00130215
0.00109213
0.00138616
0.00074559
0.00191122
0.00056707
0.00162769
0.00055656
./data/slice/\6-access3.dat
0.00541897
0.00181683
0.00179582
0.00219489
0.00337111
0.00348663
0.00281451
0.00137575
0.00080865
0.00229991
./data/slice/\6-access4.dat
0.00499937
0.00236315
0.00291980
0.00131286
0.00034659
0.00103978
0.00115532
0.00141789
0.00153342
0.00175398
./data/slice/\6-access5.dat
0.00691089
0.00451624
0.00319287
0.00026257
0.00007352
0.00114481
0.00239466
0.00138638
0.00015754
0.00162795
./data/slice/\6-access6.dat
0.00827627
0.00244717
0.00168046
0.00019955
0.00248918
0.00045162
0.00099777
0.00257321
0.00078772
0.00029408
./data/slice/\6-access7.dat
0.01087082
0.00620740
0.00297241
0.00301442
0.00119737
0.00440084
0.00057768
0.00050415
0.00274134
0.00159649
./data/slice/\6-access8.dat
0.00718427
0.00181707
0.00378119
0.00036762
0.00077725
0.00101882
0.00045164
0.00066171
0.00030460
0.00131291
./data/slice/\6-core1.dat
0.00539117
0.00133554
0.00036758
0.00362678
0.00020830
0.00216872
0.00072291
0.00113950
0.00045335
0.00133554
./data/slice/\6-core2.dat
0.00160512
0.00007352
0.00116402
0.00268336
0.00178891
0.00371260
0.00026956
0.00205847
0.00134781
0.00020830
./data/slice/\6-core3.dat
0.00688607
0.00438650
0.00267111
0.00033083
0.00248732
0.00181341
0.00129880
0.00275688
0.00044110
0.00061264
./data/slice/\6-core4.dat
0.00001225
0.00071066
0.00111500
0.00257309
0.00101698
0.00030632
0.00093121
0.00151935
0.00185017
0.00050236
./data/slice/\6-merge1.dat
0.00016964
0.00391292
0.00096127
0.00308736
0.00006785
0.00111959
0.00334747
0.00067854
0.00016964
0.00074640
./data/slice/\6-merge2.dat
0.00938638
0.00210345
0.00098387
0.00150408
0.00334743
0.00118743
0.00144754
0.00140230
0.00237487
0.00030534
./data/slice/\6-merge3.dat
0.00210372
0.00128937
0.00011310
0.00366454
0.00132330
0.00188882
0.00056551
0.00141379
0.00095007
0.00072386
./data/slice/\6-merge4.dat
0.00161739
0.00188884
0.00287285
0.00075780
0.00285023
0.00165132
0.00216029
0.00180967
0.00033931
0.00212636
./data/slice/\6-merge5.dat
0.01562005
0.00466000
0.00373252
0.00026015
0.00165136
0.00097272
0.00197937
0.00169660
0.00015835
0.00342714
./data/slice/\6-merge6.dat
0.00109714
0.00297471
0.00122155
0.00099534
0.00090485
0.00048636
0.00134597
0.00022621
0.00052029
0.00227345
./data/slice/\6-merge7.dat
0.00446787
0.00105193
0.00026015
0.00426427
0.00005656
0.00231877
0.00141388
0.00127815
0.00014704
0.00110848
./data/slice/\6-merge8.dat
0.00717130
0.00065605
0.00075785
0.00239797
0.00091621
0.00213782
0.00022622
0.00020360
0.00004524
0.00035065
./data/slice/\7-access1.dat
0.00359916
0.00241097
0.00036914
0.00013843
0.00185726
0.00069215
0.00133815
0.00026532
0.00218026
0.00036914
./data/slice/\7-access2.dat
0.00436052
0.00596399
0.00235329
0.00249172
0.00252633
0.00050757
0.00205336
0.00029993
0.00200722
0.00154579
./data/slice/\7-access3.dat
0.00348420
0.00258431
0.00089989
0.00302272
0.00312655
0.00358803
0.00276890
0.00114217
0.00132676
0.00077298
./data/slice/\7-access4.dat
0.00342671
0.00608040
0.00314981
0.00276906
0.00001154
0.00126915
0.00006923
0.00109609
0.00134992
0.00208833
./data/slice/\7-access5.dat
0.00711879
0.00395745
0.00231909
0.00006923
0.00009230
0.00124608
0.00149991
0.00168451
0.00109609
0.00184604
./data/slice/\7-access6.dat
0.00633444
0.00433834
0.00279223
0.00065767
0.00198456
0.00185764
0.00143073
0.00216917
0.00098074
0.00048460
./data/slice/\7-access7.dat
0.00726912
0.00403840
0.00318457
0.00239996
0.00168459
0.00451147
0.00084229
0.00042692
0.00119998
0.00126921
./data/slice/\7-access8.dat
0.00461531
0.00243458
0.00208843
0.00023077
0.00110768
0.00020769
0.00084229
0.00095768
0.00041538
0.00159228
./data/slice/\7-core1.dat
0.00398417
0.00032304
0.00098258
0.00477831
0.00196517
0.00284007
0.00063262
0.00103642
0.00018844
0.00123832
./data/slice/\7-core2.dat
0.00281319
0.00100952
0.00119796
0.00226132
0.00146716
0.00378232
0.00074031
0.00137294
0.00183059
0.00150754
./data/slice/\7-core3.dat
0.00861454
0.00620516
0.00355350
0.00010768
0.00134602
0.00158831
0.00080761
0.00232862
0.00107682
0.00172291
./data/slice/\7-core4.dat
0.00051149
0.00242284
0.00047111
0.00154793
0.00164215
0.00010768
0.00076723
0.00161523
0.00185751
0.00106336
./data/slice/\7-merge1.dat
0.00155289
0.00380148
0.00115535
0.00275794
0.00004969
0.00077023
0.00417417
0.00160258
0.00004969
0.00108081
./data/slice/\7-merge2.dat
0.00814947
0.00309332
0.00012423
0.00059630
0.00237279
0.00113049
0.00029815
0.00121745
0.00254671
0.00009938
./data/slice/\7-merge3.dat
0.00316837
0.00004970
0.00024850
0.00383932
0.00211225
0.00104370
0.00023607
0.00038517
0.00134190
0.00101885
./data/slice/\7-merge4.dat
0.00188862
0.00162769
0.00330509
0.00147859
0.00331751
0.00106856
0.00283293
0.00196317
0.00091946
0.00170224
./data/slice/\7-merge5.dat
0.01290988
0.00109343
0.00380214
0.00048459
0.00159044
0.00109343
0.00187622
0.00072067
0.00049701
0.00250991
./data/slice/\7-merge6.dat
0.00304423
0.00381461
0.00262177
0.00232356
0.00008698
0.00006213
0.00134195
0.00043489
0.00152833
0.00239811
./data/slice/\7-merge7.dat
0.00177688
0.00007455
0.00050946
0.00329283
0.00000000
0.00259698
0.00186386
0.00155322
0.00050946
0.00016153
./data/slice/\7-merge8.dat
0.00556674
0.00088223
0.00003728
0.00337981
0.00119287
0.00170233
0.00069584
0.00088223
0.00104376
0.00065857
./data/slice/\8-access1.dat
0.00516556
0.00247490
0.00236068
0.00025384
0.00125649
0.00171339
0.00131995
0.00109150
0.00208146
0.00114226
./data/slice/\8-access2.dat
0.00821264
0.00520430
0.00121857
0.00008885
0.00224673
0.00063467
0.00214519
0.00053312
0.00115510
0.00129473
./data/slice/\8-access3.dat
0.00534454
0.00276748
0.00162494
0.00295790
0.00278018
0.00248819
0.00462093
0.00238663
0.00022851
0.00125679
./data/slice/\8-access4.dat
0.00388463
0.00613162
0.00337683
0.00407505
0.00057127
0.00005078
0.00104098
0.00012695
0.00138374
0.00143452
./data/slice/\8-access5.dat
0.00413853
0.00432895
0.00327528
0.00031737
0.00020312
0.00106637
0.00159955
0.00170111
0.00185345
0.00186615
./data/slice/\8-access6.dat
0.00274216
0.00153612
0.00083788
0.00139647
0.00158690
0.00173924
0.00260251
0.00196775
0.00123143
0.00044433
./data/slice/\8-access7.dat
0.00581454
0.00351666
0.00291997
0.00290727
0.00241215
0.00399909
0.00082521
0.00123146
0.00052052
0.00092677
./data/slice/\8-access8.dat
0.00297075
0.00118068
0.00144729
0.00005078
0.00017774
0.00012696
0.00005078
0.00069825
0.00093947
0.00158694
./data/slice/\8-core1.dat
0.00305086
0.00176239
0.00201416
0.00425047
0.00139214
0.00174758
0.00068126
0.00174758
0.00000000
0.00208821
./data/slice/\8-core2.dat
0.00016291
0.00093303
0.00016291
0.00311010
0.00106632
0.00430971
0.00137733
0.00079974
0.00158467
0.00051835
./data/slice/\8-core3.dat
0.00807156
0.00540573
0.00288799
0.00022215
0.00183647
0.00091823
0.00074051
0.00077013
0.00189571
0.00159950
./data/slice/\8-core4.dat
0.00196976
0.00214748
0.00002962
0.00222153
0.00226596
0.00105152
0.00057760
0.00188090
0.00244368
0.00099228
./data/slice/\8-merge1.dat
0.00042373
0.00153091
0.00077912
0.00231004
0.00041007
0.00140789
0.00419634
0.00117552
0.00002734
0.00090214
./data/slice/\8-merge2.dat
0.00725826
0.00490719
0.00107985
0.00046475
0.00158561
0.00114820
0.00009568
0.00139424
0.00179064
0.00069712
./data/slice/\8-merge3.dat
0.00378695
0.00079293
0.00108003
0.00375960
0.00270691
0.00010937
0.00173625
0.00075192
0.00133979
0.00094332
./data/slice/\8-merge4.dat
0.00060154
0.00024608
0.00303503
0.00303503
0.00293933
0.00020507
0.00191398
0.00239248
0.00125776
0.00103902
./data/slice/\8-merge5.dat
0.00958357
0.00047850
0.00384163
0.00221475
0.00254286
0.00173625
0.00153118
0.00009570
0.00079293
0.00237880
./data/slice/\8-merge6.dat
0.00039648
0.00161326
0.00258394
0.00231051
0.00080663
0.00034179
0.00116209
0.00009570
0.00184567
0.00241988
./data/slice/\8-merge7.dat
0.00006836
0.00094337
0.00150392
0.00303519
0.00116212
0.00243362
0.00221487
0.00206448
0.00109376
0.00079298
./data/slice/\8-merge8.dat
0.00307621
0.00079298
0.00073829
0.00244729
0.00028711
0.00062891
0.00061524
0.00024610
0.00216018
0.00043751
./data/slice/\9-access1.dat
0.00458072
0.00208553
0.00279312
0.00004966
0.00099311
0.00146484
0.00144001
0.00091863
0.00218484
0.00074483
./data/slice/\9-access2.dat
0.00774684
0.00450657
0.00171324
0.00069523
0.00243330
0.00040969
0.00191188
0.00072006
0.00173807
0.00177532
./data/slice/\9-access3.dat
0.00671749
0.00350154
0.00023592
0.00304212
0.00280620
0.00198669
0.00386163
0.00245853
0.00062084
0.00064567
./data/slice/\9-access4.dat
0.00285587
0.00583590
0.00276895
0.00371263
0.00044701
0.00019867
0.00027317
0.00036009
0.00129135
0.00162660
./data/slice/\9-access5.dat
0.00382438
0.00443280
0.00353879
0.00073259
0.00007450
0.00146518
0.00117960
0.00211086
0.00180044
0.00173835
./data/slice/\9-access6.dat
0.00408513
0.00213569
0.00045942
0.00063326
0.00189977
0.00098093
0.00264478
0.00177560
0.00081951
0.00053392
./data/slice/\9-access7.dat
0.00617131
0.00424665
0.00260759
0.00170114
0.00188740
0.00393623
0.00072019
0.00105545
0.00078228
0.00122929
./data/slice/\9-access8.dat
0.00306710
0.00031044
0.00114240
0.00006209
0.00031044
0.00016143
0.00018626
0.00062087
0.00042219
0.00172602
./data/slice/\9-core1.dat
0.00323025
0.00018831
0.00191207
0.00344753
0.00127472
0.00269429
0.00094155
0.00173825
0.00010140
0.00170928
./data/slice/\9-core2.dat
0.00050699
0.00059390
0.00028971
0.00289708
0.00140508
0.00420077
0.00095604
0.00108641
0.00166582
0.00065184
./data/slice/\9-core3.dat
0.00802503
0.00509894
0.00340412
0.00040560
0.00199901
0.00092708
0.00024626
0.00086914
0.00208593
0.00191210
./data/slice/\9-core4.dat
0.00173827
0.00244807
0.00076774
0.00189762
0.00214387
0.00141959
0.00084017
0.00191210
0.00215836
0.00181070
./data/slice/\9-merge1.dat
0.00197864
0.00161767
0.00004011
0.00306154
0.00006685
0.00065509
0.00437172
0.00086900
0.00014706
0.00112301
./data/slice/\9-merge2.dat
0.00938528
0.00411776
0.00046793
0.00078879
0.00180486
0.00145726
0.00037434
0.00164443
0.00191182
0.00040108
./data/slice/\9-merge3.dat
0.00461329
0.00129707
0.00066859
0.00336970
0.00308890
0.00074882
0.00177846
0.00050813
0.00117672
0.00100289
./data/slice/\9-merge4.dat
0.00010697
0.00057499
0.00324936
0.00217961
0.00279472
0.00004012
0.00219298
0.00244705
0.00135056
0.00149765
./data/slice/\9-merge5.dat
0.00993528
0.00069534
0.00304878
0.00101626
0.00219298
0.00128370
0.00152439
0.00009360
0.00078894
0.00220635
./data/slice/\9-merge6.dat
0.00014709
0.00193892
0.00294181
0.00129707
0.00102963
0.00069534
0.00131044
0.00017383
0.00189880
0.00280809
./data/slice/\9-merge7.dat
0.00144420
0.00066861
0.00133722
0.00365061
0.00057500
0.00279479
0.00239362
0.00120350
0.00058838
0.00066861
./data/slice/\9-merge8.dat
0.00323616
0.00028082
0.00088259
0.00177855
0.00020059
0.00048141
0.00030757
0.00033431
0.00203263
0.00077561
