
ARE
Edge
TM-SALFI:  0.8772 0.3601 0.1601 0.085 0.05066 0.03996 0.02623 0.01832 0.0133 
TM-SALFM:  0.2933 0.1335 0.07148 0.04333 0.02759 0.01961 0.01433 0.01105 0.008357 
Elastic Sketch:  1.29 0.4315 0.2597 0.1848 0.1433 0.1173 0.09962 0.08665 0.07609 
CM Sketch:  3.448 1.933 1.243 0.8689 0.6422 0.4886 0.3801 0.3012 0.2441 
Aggregation
TM-SALFI:  0.7762 0.3126 0.1362 0.07178 0.0421 0.03323 0.02185 0.01515 0.011 
TM-SALFM:  0.2526 0.1125 0.06119 0.03545 0.02355 0.01614 0.01188 0.008859 0.007042 
Elastic Sketch:  1.151 0.3814 0.2289 0.1639 0.1279 0.1047 0.08778 0.07673 0.06695 
CM Sketch:  3.113 1.73 1.107 0.767 0.5605 0.4228 0.3273 0.2606 0.211 
core
TM-SALFI:  0.6794 0.2676 0.1143 0.06025 0.03483 0.0269 0.01775 0.01223 0.008909 
TM-SALFM:  0.218 0.09442 0.05042 0.0307 0.01915 0.01346 0.009434 0.007522 0.006167 
Elastic Sketch:  1.014 0.3385 0.2022 0.145 0.1119 0.09152 0.07703 0.0674 0.05896 
CM Sketch:  2.777 1.529 0.9703 0.6665 0.4827 0.3648 0.2818 0.2216 0.1784 


HHD_ARE
Edge
TM-SALFI:  0.01974 0.01685 0.01573 0.01529 0.01511 0.01503 0.01496 0.01492 0.01489 
TM-SALFM:  0 0 0 0 0 0 0 0 0 
Elastic Sketch:  0.005728 0.002027 0.0004115 0.0004115 0 0.000823 0 0 0.00297 
Aggregation
TM-SALFI:  0.01872 0.016 0.01488 0.01448 0.01431 0.01428 0.0142 0.01413 0.01411 
TM-SALFM:  0 0 0 0 0 0 0 0 0 
Elastic Sketch:  0.00277 0.004462 0.003072 0.0002933 0.000641 0.0003356 0 0 0 
core
TM-SALFI:  0.01759 0.0149 0.01385 0.01346 0.01331 0.01323 0.01319 0.01315 0.01313 
TM-SALFM:  0 0 0 0 0 0 0 0 0 
Elastic Sketch:  0.00161 0.0001079 0 0.0006893 0.000339 0 0.000339 0 0 


HHD_F1
Edge
TM-SALFI:  0.9681 0.9732 0.9742 0.9744 0.9746 0.9747 0.9749 0.9749 0.9749 
TM-SALFM:  0.9962 0.9962 0.9962 0.9962 0.9962 0.9962 0.9962 0.9962 0.9962 
Elastic Sketch:  0.998 0.9992 0.9996 0.9996 0.9998 1 1 1 0.9996 
Aggregation
TM-SALFI:  0.9667 0.971 0.9719 0.9722 0.9724 0.9723 0.9724 0.9724 0.9725 
TM-SALFM:  0.997 0.997 0.997 0.997 0.997 0.997 0.997 0.997 0.997 
Elastic Sketch:  0.9962 0.9988 0.9994 0.9998 0.9996 0.9998 0.9993 0.9998 1 
core
TM-SALFI:  0.9652 0.9695 0.9702 0.9702 0.9704 0.9705 0.9704 0.9704 0.9705 
TM-SALFM:  0.9968 0.9968 0.9968 0.9968 0.9968 0.9968 0.9968 0.9968 0.9968 
Elastic Sketch:  0.9965 0.9988 0.9994 0.9998 0.9994 0.9998 1 0.9998 0.9996 


CE
Edge
TM-SALFI:  0.005063 0.003857 0.002169 0.001403 0.001492 0.001643 0.001577 0.001133 0.001157 
TM-SALFM:  0.007232 0.003551 0.0005894 0.001068 0.000501 0.0008933 0.000584 0.0007158 0.0006745 
Elastic Sketch:  0.01726 0.008637 0.006049 0.00404 0.002987 0.002714 0.002443 0.00223 0.001508 
CM Sketch:  0.01805 0.01435 0.005452 0.005631 0.005576 0.009537 0.004866 0.001043 0.0004507 
Aggregation
TM-SALFI:  0.004255 0.001804 0.001693 0.002274 0.001424 0.00123 0.001577 0.00108 0.001139 
TM-SALFM:  0.002722 0.002411 0.001976 0.001007 0.0009079 0.0008194 0.0008873 0.0009012 0.000936 
Elastic Sketch:  0.01815 0.008115 0.005218 0.003831 0.003389 0.002756 0.001867 0.001757 0.001522 
CM Sketch:  0.02888 0.02069 0.005516 0.003562 0.002116 0.001684 0.0008815 0.001146 0.002513 
core
TM-SALFI:  0.003536 0.002374 0.001494 0.002291 0.001458 0.002039 0.0007537 0.00146 0.001418 
TM-SALFM:  0.00519 0.0004093 0.001367 0.0009522 0.002037 0.001611 0.001272 0.001141 0.000808 
Elastic Sketch:  0.01718 0.008128 0.005439 0.003539 0.002761 0.002382 0.001845 0.001956 0.00147 
CM Sketch:  0.0332 0.003341 0.002761 0.001936 0.001358 0.001189 0.003095 0.001226 0.002837 


WMRE
Edge
TM-SALFI:  1.089 0.5815 0.2878 0.1595 0.09743 0.07741 0.05149 0.03642 0.02662 
TM-SALFM:  0.4978 0.2403 0.1298 0.07863 0.04964 0.03481 0.02523 0.0191 0.01404 
Elastic Sketch:  1.048 0.503 0.3286 0.2416 0.1912 0.1592 0.1362 0.1189 0.104 
CM Sketch:  1.636 1.482 1.264 1.047 0.866 0.7083 0.5842 0.4801 0.4002 
Aggregation
TM-SALFI:  1.013 0.5177 0.248 0.1357 0.08131 0.0648 0.04327 0.03021 0.02218 
TM-SALFM:  0.4362 0.2033 0.1113 0.06421 0.04239 0.02848 0.02054 0.01517 0.01184 
Elastic Sketch:  0.9808 0.457 0.2952 0.2169 0.1729 0.1433 0.1215 0.1058 0.09317 
CM Sketch:  1.618 1.434 1.193 0.9711 0.7856 0.6344 0.516 0.4245 0.3521 
core
TM-SALFI:  0.9313 0.4537 0.2107 0.1151 0.06793 0.05293 0.03531 0.02455 0.0181 
TM-SALFM:  0.3812 0.1714 0.09202 0.05544 0.03421 0.02354 0.01629 0.01268 0.01044 
Elastic Sketch:  0.9054 0.4099 0.2645 0.1929 0.1524 0.1259 0.1074 0.09375 0.08302 
CM Sketch:  1.595 1.373 1.115 0.8854 0.7042 0.5632 0.4542 0.3683 0.3021 
